0.036,0.018,0.031,0.028,0.017,0.026,0.018,0.023,0.029,0.032,0.016,0.016,0.023,0.017,0.017,0.03,0.016,0.023,0.017,0.024,0.016,0.015,0.034,0.019,0.024,0.028,0.031,0.017,0.027,0.017,0.016,0.017,0.017,0.017,0.021,0.019,0.045,0.018,0.026,0.018,0.019,0.018,0.038,0.027,0.016,0.016,0.021,0.016,0.015,0.042,0.041,0.031,0.015,0.015,0.016,0.015,0.085,0.013,0.022,0.018,0.02,0.013,0.014,0.014,0.015,0.017,0.013,0.014,0.026,0.013,0.013,0.024,0.018,0.02,0.025,0.013,0.024,0.015,0.023,0.025,0.013,0.013,0.027,0.026,0.02,0.013,0.013,0.023,0.013,0.033,0.017,0.028,0.024,0.013,0.013,0.013,0.012,0.024,0.013,0.013,0.013,0.013,0.027,0.013,0.014,0.013,0.013,0.023,0.024,0.016,0.029,0.043,0.029,0.023,0.018,0.014,0.028,0.029,0.072,0.085,0.025,0.016,0.029,0.021,0.021,0.013,0.038,0.013,0.025,0.016,0.021,0.013,0.013,0.013,0.028,0.024,0.012,0.013,0.012,0.025,0.015,0.015,0.029,0.023,0.018,0.015,0.025,0.026,0.015,0.025,0.015,0.018,0.021,0.016,0.015,0.02,0.029,0.021,0.025,0.015,0.015,0.015,0.029,0.029,0.021,0.015,0.025,0.016,0.017,0.018892,0.016,0.016,0.029,0.023,0.037,0.016,0.029,0.031,0.019,0.023,0.015,0.015,0.015,0.013,0.023,0.013,0.012,0.013,0.045,0.015,0.015,0.015,0.023,0.015,0.015,0.02,0.042,0.015,0.025,0.026,0.026,0.022,0.021,0.025,0.024,0.026,0.015,0.029,0.015,0.03,0.015,0.037,0.022,0.02,0.013,0.036,0.023,0.022,0.016,0.018,0.016,0.015,0.027,0.015,0.032,0.034,0.035,0.023,0.024,0.047,0.037,0.015,0.032,0.015,0.015,0.015,0.015,0.032,0.021,0.023,0.015,0.015,0.015,0.015,0.025,0.048,0.015,0.032,0.015,0.032,0.031,0.015,0.028,0.031,0.015,0.018,0.036,0.023,0.021,0.036,0.032,0.027,0.02,0.015,0.017,0.026,0.015,0.03,0.026,0.015,0.015,0.015,0.031,0.021,0.023,0.028,0.016,0.027,0.015,0.03,0.021,0.017,0.023,0.015,0.019,0.018,0.025,0.016,0.016,0.024,0.03,0.016,0.018,0.025,0.032,0.015,0.02,0.015,0.031,0.015,0.018,0.076,0.029,0.024594,0.018,0.024,0.013,0.015,0.02,0.031,0.015,0.015,0.016,0.015,0.024,0.016,0.024,0.017,0.015,0.015,0.015,0.028,0.035,0.015,0.021,0.016,0.035,0.015,0.019,0.016,0.026,0.03,0.016,0.015,0.015,0.02,0.032,0.03,0.038,0.015,0.019,0.032,0.031,0.042,0.024,0.04,0.038,0.026,0.042,0.026,0.04,0.026,0.04,0.03,0.031,0.025,0.032,0.031,0.031,0.025,0.022,0.03,0.017,0.017,0.023
0.034,0.031,0.022,0.016,0.026,0.017,0.017,0.016,0.041,0.019,0.017,0.017,0.025,0.017,0.016,0.029,0.026,0.027,0.016,0.026,0.015,0.016,0.023,0.028,0.017,0.016,0.019,0.017,0.023,0.017,0.03,0.016,0.019,0.018,0.03,0.017,0.039,0.017,0.019,0.033,0.022,0.028,0.041,0.021,0.015,0.016,0.016,0.016,0.016,0.044,0.017,0.032,0.027,0.016,0.016,0.016,0.032,0.013,0.012,0.026,0.013,0.013,0.013,0.014,0.014,0.013,0.013,0.013,0.017,0.013,0.026,0.013,0.013,0.014,0.014,0.013,0.013,0.013,0.018,0.013,0.015,0.014,0.013,0.012,0.022,0.013,0.025,0.02,0.025,0.013,0.013,0.016,0.019,0.013,0.013,0.02,0.013,0.02,0.013,0.029,0.013,0.013,0.029,0.015,0.014,0.021,0.013,0.013,0.014,0.013,0.014,0.029,0.015,0.019,0.013,0.022,0.015,0.013,0.07,0.061,0.013,0.013,0.014,0.013,0.021,0.012,0.036,0.025,0.013,0.026,0.021,0.013,0.024,0.02,0.013,0.018,0.013,0.026,0.027,0.023,0.024,0.016,0.016,0.025,0.03,0.025,0.015,0.015,0.015,0.015,0.015,0.015,0.025,0.022,0.023,0.016,0.015,0.024,0.014,0.022,0.024,0.023,0.016,0.015,0.024,0.016,0.019,0.015,0.033,0.015065,0.029,0.03,0.015,0.015,0.034,0.015,0.019,0.015,0.015,0.015,0.026,0.022,0.028,0.03,0.013,0.013,0.021,0.02,0.024,0.02,0.028,0.023,0.015,0.02,0.017,0.015,0.037,0.024,0.016,0.027,0.039,0.03,0.024,0.021,0.022,0.035,0.027,0.017,0.027,0.015,0.027,0.022,0.021,0.033,0.029,0.02,0.032,0.023,0.025,0.015,0.015,0.024,0.019,0.026,0.028,0.027,0.051,0.015,0.037,0.024,0.041,0.015,0.014,0.015,0.015,0.016,0.033,0.046,0.015,0.023,0.016,0.022,0.016,0.022,0.022,0.032,0.019,0.022,0.028,0.047,0.03,0.015,0.015,0.035,0.015,0.015,0.041,0.023,0.015,0.042,0.017,0.02,0.015,0.029,0.029,0.02,0.015,0.038,0.015,0.027,0.015,0.019,0.046,0.015,0.024,0.015,0.015,0.02,0.015,0.015,0.025,0.016,0.015,0.019,0.016,0.029,0.015,0.015,0.029,0.026,0.031,0.018,0.028,0.021,0.015,0.031,0.026,0.021,0.031,0.015,0.015,0.086,0.03,0.02083,0.021,0.012,0.025,0.028,0.021,0.022,0.028,0.016,0.015,0.015,0.023,0.02,0.015,0.016,0.015,0.015,0.015,0.018,0.034,0.015,0.028,0.023,0.031,0.015,0.015,0.015,0.022,0.037,0.015,0.015,0.02,0.015,0.034,0.018,0.035,0.016,0.016,0.032,0.034,0.043,0.034,0.04,0.034,0.026,0.042,0.035,0.273,0.029,0.037,0.02,0.045,0.016,0.031,0.043,0.033,0.025,0.026,0.019,0.031,0.027,0.024
0.048,0.015,0.016,0.016,0.026,0.017,0.017,0.016,0.036,0.016,0.028,0.028,0.017,0.032,0.024,0.038,0.025,0.016,0.016,0.017,0.016,0.019,0.025,0.016,0.016,0.017,0.015,0.015,0.017,0.023,0.02,0.019,0.032,0.032,0.018,0.022,0.02,0.027,0.018,0.018,0.031,0.025,0.026,0.016,0.025,0.015,0.015,0.016,0.015,0.033,0.016,0.033,0.022,0.021,0.015,0.023,0.06,0.026,0.013,0.013,0.013,0.012,0.013,0.014,0.019,0.013,0.029,0.025,0.013,0.013,0.013,0.013,0.012,0.013,0.013,0.013,0.013,0.013,0.013,0.014,0.026,0.026,0.014,0.013,0.013,0.013,0.018,0.015,0.018,0.012,0.013,0.028,0.012,0.019,0.026,0.022,0.014,0.013,0.018,0.013,0.013,0.012,0.013,0.027,0.027,0.02,0.013,0.013,0.012,0.013,0.013,0.029,0.013,0.013,0.013,0.021,0.014,0.013,0.037,0.087,0.013,0.013,0.012,0.013,0.013,0.016,0.028,0.017,0.013,0.012,0.013,0.027,0.017,0.021,0.013,0.012,0.033,0.017,0.016,0.015,0.022,0.031,0.016,0.016,0.016,0.021,0.015,0.015,0.026,0.015,0.023,0.015,0.015,0.023,0.021,0.021,0.015,0.015,0.015,0.023,0.023,0.022,0.016,0.015,0.015,0.029,0.016,0.029,0.067,0.022479,0.017,0.016,0.015,0.02,0.034,0.031,0.015,0.015,0.023,0.023,0.02,0.022,0.017,0.014,0.016,0.029,0.02,0.021,0.016,0.026,0.018,0.023,0.024,0.026,0.031,0.03,0.031,0.022,0.029,0.015,0.03,0.032,0.015,0.015,0.015,0.022,0.02,0.016,0.019,0.016,0.02,0.032,0.013,0.024,0.012,0.019,0.02,0.015,0.02,0.026,0.03,0.022,0.015,0.021,0.022,0.021,0.039,0.028,0.022,0.015,0.031,0.031,0.015,0.029,0.031,0.032,0.016,0.035,0.023,0.016,0.031,0.024,0.031,0.024,0.015,0.032,0.03,0.016,0.019,0.027,0.044,0.031,0.014,0.044,0.03,0.023,0.025,0.015,0.016,0.031,0.021,0.015,0.015,0.017,0.016,0.017,0.022,0.021,0.015,0.02,0.019,0.028,0.02,0.015,0.015,0.015,0.029,0.015,0.02,0.016,0.015,0.016,0.016,0.027,0.017,0.015,0.015,0.015,0.015,0.02,0.042,0.028,0.016,0.016,0.016,0.015,0.015,0.025,0.045,0.023,0.02,0.06,0.031,0.018069,0.012,0.013,0.015,0.018,0.028,0.023,0.019,0.024,0.027,0.018,0.015,0.028,0.015,0.031,0.029,0.015,0.015,0.015,0.045,0.031,0.016,0.025,0.016,0.029,0.015,0.025,0.015,0.042,0.015,0.017,0.027,0.015,0.045,0.015,0.016,0.015,0.015,0.022,0.046,0.043,0.032,0.043,0.026,0.03,0.029,0.04,0.047,0.042,0.025,0.016,0.036,0.015,0.032,0.037,0.032,0.016,0.015,0.015,0.017,0.02,0.015
0.035,0.016,0.016,0.015,0.016,0.017,0.016,0.016,0.03,0.015,0.024,0.022,0.016,0.018,0.028,0.037,0.016,0.016,0.019,0.016,0.019,0.028,0.016,0.015,0.015,0.017,0.016,0.016,0.017,0.026,0.018,0.029,0.016,0.02,0.017,0.032,0.019,0.028,0.021,0.018,0.02,0.02,0.016,0.015,0.024,0.03,0.016,0.022,0.018,0.034,0.016,0.033,0.016,0.028,0.02,0.026,0.077,0.018,0.013,0.012,0.013,0.014,0.025,0.023,0.022,0.013,0.015,0.018,0.013,0.025,0.013,0.016,0.024,0.017,0.013,0.021,0.013,0.019,0.013,0.013,0.013,0.017,0.013,0.013,0.013,0.028,0.013,0.015,0.013,0.013,0.012,0.018,0.013,0.025,0.019,0.013,0.031,0.013,0.025,0.013,0.024,0.027,0.013,0.012,0.013,0.013,0.027,0.012,0.013,0.015,0.013,0.028,0.013,0.013,0.017,0.013,0.013,0.013,0.089,0.026,0.013,0.017,0.013,0.018,0.013,0.026,0.028,0.013,0.018,0.013,0.014,0.016,0.013,0.013,0.021,0.017,0.03,0.013,0.013,0.019,0.016,0.016,0.028,0.015,0.015,0.015,0.028,0.028,0.019,0.029,0.023,0.03,0.015,0.015,0.015,0.025,0.03,0.016,0.03,0.015,0.015,0.015,0.027,0.027,0.017,0.015,0.026,0.016,0.036,0.020805,0.021,0.015,0.031,0.026,0.048,0.015,0.026,0.031,0.023,0.023,0.016,0.016,0.015,0.013,0.025,0.014,0.012,0.013,0.028,0.016,0.015,0.015,0.023,0.015,0.015,0.016,0.027,0.016,0.041,0.021,0.026,0.024,0.023,0.023,0.025,0.027,0.015,0.028,0.016,0.03,0.016,0.015,0.018,0.021,0.016,0.037,0.023,0.025,0.015,0.019,0.015,0.015,0.027,0.015,0.034,0.037,0.037,0.02,0.023,0.027,0.036,0.016,0.03,0.019,0.016,0.015,0.016,0.031,0.024,0.019,0.015,0.015,0.015,0.015,0.023,0.048,0.015,0.023,0.016,0.019,0.017,0.015,0.031,0.029,0.016,0.022,0.017,0.015,0.032,0.031,0.024,0.015,0.024,0.015,0.015,0.017,0.024,0.015,0.021,0.014,0.027,0.015,0.015,0.026,0.016,0.02,0.019,0.017,0.026,0.027,0.015,0.032,0.029,0.016,0.03,0.015,0.018,0.029,0.015,0.023,0.038,0.016,0.016,0.015,0.024,0.015,0.016,0.015,0.031,0.022,0.026,0.065,0.013,0.019575,0.013,0.026,0.012,0.015,0.017,0.023,0.015,0.023,0.038,0.029,0.015,0.016,0.024,0.02,0.017,0.025,0.024,0.016,0.039,0.017,0.016,0.016,0.015,0.022,0.028,0.022,0.017,0.02,0.028,0.029,0.015,0.023,0.031,0.016,0.017,0.022,0.015,0.019,0.021,0.049,0.025,0.042,0.026,0.04,0.026,0.027,0.042,0.03,0.026,0.016,0.033,0.016,0.031,0.031,0.044,0.016,0.016,0.016,0.016,0.015,0.016
0.032,0.016,0.016,0.021,0.016,0.017,0.018,0.029,0.03,0.016,0.017,0.015,0.017,0.015,0.017,0.031,0.016,0.016,0.033,0.016,0.03,0.015,0.016,0.016,0.026,0.016,0.016,0.028,0.016,0.016,0.016,0.016,0.016,0.017,0.018,0.019,0.018,0.018,0.032,0.018,0.019,0.02,0.029,0.02,0.015,0.017,0.026,0.026,0.031,0.033,0.032,0.02,0.015,0.016,0.028,0.015,0.03,0.014,0.018,0.013,0.02,0.013,0.019,0.021,0.013,0.026,0.013,0.014,0.013,0.018,0.019,0.025,0.017,0.024,0.026,0.022,0.014,0.023,0.02,0.024,0.013,0.014,0.02,0.018,0.012,0.014,0.013,0.014,0.014,0.026,0.019,0.013,0.013,0.012,0.013,0.014,0.041,0.013,0.013,0.013,0.019,0.016,0.015,0.013,0.013,0.013,0.016,0.021,0.02,0.027,0.022,0.032,0.02,0.02,0.025,0.012,0.013,0.014,0.051,0.073,0.018,0.025,0.019,0.025,0.016,0.013,0.04,0.015,0.024,0.014,0.027,0.014,0.015,0.013,0.021,0.025,0.028,0.017,0.02,0.029,0.015,0.015,0.018,0.029,0.02,0.015,0.019,0.017,0.016,0.015,0.015,0.028,0.026,0.015,0.019,0.015,0.015,0.028,0.015,0.016,0.015,0.019,0.019,0.018,0.028,0.016,0.018,0.015,0.034,0.015544,0.026,0.03,0.015,0.015,0.031,0.018,0.022,0.015,0.015,0.017,0.025,0.026,0.027,0.025,0.013,0.013,0.024,0.019,0.015,0.02,0.028,0.023,0.015,0.023,0.017,0.017,0.023,0.023,0.032,0.028,0.037,0.03,0.022,0.023,0.022,0.034,0.029,0.02,0.029,0.015,0.027,0.016,0.023,0.035,0.026,0.018,0.029,0.02,0.024,0.015,0.015,0.023,0.019,0.024,0.026,0.022,0.049,0.015,0.038,0.019,0.045,0.017,0.018,0.016,0.015,0.015,0.03,0.045,0.016,0.028,0.015,0.022,0.015,0.019,0.024,0.035,0.019,0.028,0.026,0.028,0.015,0.015,0.015,0.015,0.015,0.015,0.032,0.031,0.016,0.044,0.015,0.022,0.022,0.015,0.015,0.03,0.016,0.015,0.024,0.015,0.015,0.015,0.015,0.021,0.023,0.028,0.016,0.027,0.015,0.021,0.027,0.016,0.019,0.015,0.016,0.016,0.029,0.018,0.016,0.027,0.032,0.015,0.021,0.029,0.024,0.022,0.027,0.015,0.015,0.015,0.017,0.078,0.013,0.023841,0.027,0.014,0.018,0.015,0.015,0.015,0.016,0.015,0.031,0.015,0.015,0.015,0.024,0.015,0.016,0.023,0.024,0.022,0.032,0.015,0.015,0.017,0.026,0.015,0.02,0.015,0.019,0.017,0.018,0.015,0.015,0.024,0.023,0.015,0.016,0.028,0.016,0.031,0.017,0.052,0.024,0.025,0.026,0.029,0.041,0.027,0.044,0.026,0.041,0.015,0.032,0.027,0.02,0.032,0.038,0.017,0.016,0.016,0.016,0.015,0.018
0.032,0.017,0.021,0.029,0.016,0.032,0.032,0.022,0.03,0.029,0.017,0.016,0.021,0.017,0.017,0.03,0.017,0.032,0.017,0.019,0.015,0.015,0.019,0.027,0.022,0.027,0.015,0.022,0.023,0.016,0.024,0.015,0.015,0.018,0.027,0.019,0.035,0.019,0.018,0.02,0.02,0.025,0.022,0.033,0.016,0.016,0.021,0.016,0.015,0.038,0.017,0.016,0.016,0.015,0.015,0.017,0.082,0.013,0.027,0.015,0.023,0.025,0.013,0.013,0.014,0.016,0.013,0.012,0.024,0.012,0.021,0.013,0.013,0.013,0.016,0.013,0.028,0.013,0.023,0.019,0.013,0.012,0.022,0.024,0.023,0.013,0.014,0.026,0.014,0.018,0.026,0.013,0.026,0.013,0.013,0.014,0.029,0.02,0.013,0.016,0.013,0.015,0.03,0.014,0.014,0.016,0.013,0.023,0.024,0.013,0.021,0.047,0.024,0.023,0.013,0.013,0.025,0.029,0.057,0.077,0.036,0.012,0.024,0.012,0.027,0.012,0.017,0.026,0.013,0.028,0.012,0.013,0.029,0.025,0.013,0.012,0.029,0.025,0.023,0.015,0.03,0.021,0.016,0.018,0.028,0.028,0.015,0.015,0.02,0.015,0.016,0.031,0.02,0.031,0.025,0.016,0.015,0.015,0.015,0.03,0.03,0.026,0.016,0.015,0.016,0.029,0.015,0.03,0.048,0.017457,0.016,0.016,0.015,0.018,0.016,0.028,0.015,0.015,0.019,0.023,0.022,0.019,0.018,0.019,0.013,0.03,0.019,0.022,0.019,0.026,0.019,0.024,0.024,0.024,0.031,0.029,0.015,0.024,0.037,0.016,0.036,0.025,0.015,0.015,0.017,0.022,0.02,0.016,0.019,0.015,0.019,0.03,0.013,0.022,0.014,0.012,0.013,0.016,0.022,0.025,0.03,0.024,0.015,0.023,0.022,0.022,0.041,0.025,0.017,0.015,0.016,0.026,0.015,0.024,0.029,0.031,0.02,0.035,0.021,0.015,0.029,0.026,0.031,0.029,0.015,0.033,0.03,0.015,0.022,0.015,0.024,0.03,0.015,0.029,0.025,0.02,0.015,0.015,0.016,0.036,0.016,0.026,0.015,0.025,0.029,0.018,0.015,0.028,0.015,0.02,0.015,0.015,0.015,0.015,0.037,0.016,0.015,0.022,0.015,0.016,0.019,0.016,0.016,0.017,0.016,0.03,0.016,0.015,0.031,0.019,0.032,0.023,0.027,0.016,0.017,0.025,0.021,0.028,0.024,0.015,0.016,0.059,0.026,0.020579,0.013,0.012,0.023,0.03,0.022,0.015,0.021,0.015,0.031,0.016,0.028,0.016,0.015,0.015,0.015,0.015,0.015,0.025,0.034,0.015,0.029,0.016,0.023,0.015,0.015,0.015,0.031,0.016,0.015,0.015,0.025,0.015,0.015,0.015,0.025,0.016,0.024,0.018,0.015,0.042,0.025,0.024,0.026,0.025,0.033,0.026,0.044,0.027,0.028,0.017,0.032,0.022,0.016,0.032,0.032,0.032,0.025,0.025,0.015,0.021,0.029
0.044,0.032,0.028,0.017,0.016,0.019,0.019,0.017,0.034,0.02,0.016,0.016,0.031,0.015,0.017,0.036,0.024,0.015,0.017,0.03,0.016,0.015,0.026,0.02,0.017,0.026,0.028,0.015,0.026,0.015,0.024,0.017,0.016,0.023,0.025,0.023,0.022,0.019,0.017,0.032,0.034,0.03,0.018,0.017,0.017,0.015,0.016,0.017,0.016,0.045,0.016,0.016,0.015,0.016,0.015,0.016,0.068,0.013,0.013,0.028,0.013,0.019,0.014,0.013,0.017,0.014,0.013,0.014,0.021,0.036,0.013,0.013,0.013,0.013,0.013,0.013,0.013,0.013,0.013,0.014,0.023,0.014,0.013,0.014,0.02,0.013,0.025,0.017,0.026,0.014,0.013,0.013,0.017,0.012,0.014,0.022,0.029,0.023,0.013,0.029,0.012,0.013,0.013,0.026,0.026,0.025,0.014,0.013,0.013,0.013,0.012,0.038,0.014,0.013,0.013,0.02,0.018,0.014,0.074,0.029,0.03,0.013,0.012,0.013,0.012,0.015,0.013,0.013,0.013,0.014,0.013,0.029,0.013,0.016,0.013,0.014,0.043,0.014,0.013,0.017,0.016,0.026,0.022,0.016,0.015,0.019,0.018,0.02,0.025,0.024,0.026,0.037,0.015,0.017,0.015,0.03,0.027,0.015,0.025,0.015,0.016,0.015,0.024,0.024,0.016,0.015,0.028,0.016,0.031,0.025109,0.022,0.016,0.029,0.028,0.034,0.016,0.023,0.03,0.027,0.024,0.016,0.016,0.016,0.013,0.027,0.015,0.014,0.013,0.025,0.016,0.015,0.016,0.021,0.015,0.015,0.015,0.023,0.016,0.04,0.021,0.038,0.015,0.026,0.021,0.027,0.028,0.016,0.026,0.015,0.031,0.015,0.015,0.065,0.017,0.019,0.03,0.017,0.029,0.015,0.02,0.017,0.015,0.027,0.016,0.036,0.039,0.032,0.022,0.015,0.023,0.015,0.022,0.027,0.023,0.018,0.018,0.016,0.031,0.027,0.015,0.02,0.016,0.015,0.015,0.02,0.044,0.015,0.017,0.016,0.02,0.028,0.017,0.028,0.018,0.021,0.026,0.016,0.015,0.024,0.031,0.029,0.016,0.016,0.023,0.017,0.015,0.026,0.019,0.015,0.028,0.015,0.023,0.03,0.016,0.034,0.016,0.022,0.015,0.024,0.018,0.015,0.019,0.017,0.029,0.02,0.015,0.015,0.016,0.016,0.023,0.029,0.023,0.016,0.015,0.016,0.015,0.017,0.018,0.021,0.03,0.029,0.072,0.012,0.016563,0.012,0.02,0.014,0.016,0.025,0.015,0.025,0.015,0.036,0.015,0.02,0.023,0.015,0.02,0.022,0.015,0.015,0.015,0.033,0.029,0.018,0.027,0.015,0.016,0.015,0.015,0.016,0.031,0.015,0.016,0.047,0.015,0.026,0.025,0.026,0.015,0.026,0.016,0.016,0.042,0.04,0.025,0.029,0.026,0.026,0.027,0.044,0.026,0.027,0.032,0.039,0.015,0.016,0.048,0.032,0.016,0.026,0.027,0.03,0.026,0.026
0.037,0.016,0.016,0.017,0.029,0.016,0.015,0.017,0.025,0.015,0.017,0.026,0.017,0.026,0.019,0.036,0.028,0.016,0.017,0.016,0.017,0.019,0.016,0.015,0.017,0.017,0.022,0.016,0.015,0.032,0.016,0.026,0.029,0.029,0.018,0.03,0.018,0.025,0.018,0.018,0.021,0.019,0.017,0.018,0.031,0.026,0.016,0.037,0.017,0.032,0.016,0.022,0.03,0.015,0.015,0.017,0.052,0.013,0.012,0.014,0.013,0.013,0.013,0.013,0.027,0.014,0.023,0.019,0.014,0.018,0.013,0.013,0.023,0.013,0.013,0.013,0.013,0.012,0.013,0.013,0.02,0.029,0.014,0.014,0.014,0.022,0.018,0.013,0.017,0.013,0.012,0.013,0.013,0.014,0.013,0.022,0.029,0.013,0.015,0.014,0.014,0.02,0.013,0.017,0.017,0.013,0.017,0.013,0.012,0.012,0.013,0.028,0.015,0.012,0.013,0.023,0.013,0.014,0.03,0.074,0.029,0.013,0.013,0.013,0.013,0.027,0.013,0.013,0.02,0.013,0.025,0.014,0.013,0.014,0.029,0.027,0.031,0.013,0.013,0.028,0.016,0.015,0.024,0.017,0.016,0.015,0.03,0.026,0.015,0.022,0.021,0.043,0.016,0.015,0.015,0.016,0.017,0.028,0.02,0.015,0.015,0.015,0.021,0.021,0.03,0.016,0.018,0.016,0.033,0.016022,0.024,0.03,0.017,0.015,0.017,0.02,0.025,0.016,0.016,0.015,0.024,0.03,0.027,0.022,0.013,0.014,0.026,0.018,0.016,0.02,0.027,0.021,0.016,0.026,0.015,0.021,0.024,0.023,0.027,0.029,0.053,0.023,0.021,0.027,0.02,0.033,0.029,0.02,0.028,0.015,0.027,0.024,0.064,0.028,0.024,0.013,0.026,0.018,0.023,0.015,0.015,0.022,0.02,0.022,0.025,0.022,0.041,0.015,0.032,0.024,0.032,0.015,0.024,0.015,0.016,0.016,0.025,0.046,0.015,0.031,0.016,0.021,0.015,0.015,0.026,0.036,0.02,0.034,0.025,0.027,0.016,0.015,0.018,0.016,0.015,0.015,0.025,0.025,0.022,0.016,0.018,0.016,0.022,0.015,0.016,0.015,0.02,0.016,0.023,0.015,0.024,0.024,0.019,0.025,0.032,0.02,0.026,0.016,0.021,0.028,0.016,0.03,0.031,0.015,0.026,0.015,0.015,0.027,0.015,0.028,0.022,0.016,0.015,0.017,0.032,0.016,0.016,0.015,0.016,0.016,0.018,0.076,0.013,0.022085,0.02,0.02,0.013,0.015,0.015,0.032,0.015,0.031,0.044,0.02,0.015,0.025,0.023,0.029,0.025,0.016,0.015,0.015,0.041,0.021,0.015,0.025,0.015,0.025,0.015,0.031,0.016,0.016,0.025,0.03,0.03,0.016,0.021,0.04,0.015,0.015,0.016,0.015,0.015,0.047,0.028,0.027,0.041,0.026,0.026,0.027,0.045,0.028,0.027,0.018,0.042,0.018,0.023,0.043,0.032,0.016,0.017,0.017,0.021,0.016,0.035
0.018,0.016,0.016,0.016,0.021,0.016,0.016,0.017,0.016,0.017,0.03,0.024,0.017,0.027,0.03,0.019,0.018,0.018,0.017,0.016,0.017,0.028,0.016,0.016,0.017,0.017,0.018,0.016,0.016,0.018,0.017,0.027,0.019,0.017,0.019,0.018,0.017,0.033,0.026,0.019,0.019,0.019,0.031,0.018,0.017,0.022,0.017,0.04,0.017,0.032,0.029,0.026,0.021,0.021,0.017,0.025,0.076,0.028,0.014,0.013,0.013,0.014,0.017,0.024,0.014,0.014,0.02,0.026,0.013,0.017,0.026,0.028,0.018,0.029,0.018,0.023,0.013,0.024,0.014,0.015,0.014,0.013,0.014,0.015,0.013,0.02,0.013,0.013,0.013,0.013,0.013,0.027,0.013,0.026,0.023,0.013,0.029,0.013,0.027,0.014,0.019,0.022,0.013,0.014,0.013,0.013,0.028,0.013,0.013,0.02,0.013,0.028,0.013,0.017,0.026,0.014,0.014,0.013,0.089,0.044,0.028,0.024,0.013,0.03,0.013,0.013,0.028,0.022,0.025,0.014,0.017,0.014,0.021,0.015,0.014,0.016,0.025,0.026,0.03,0.02,0.02,0.015,0.016,0.03,0.022,0.015,0.016,0.015,0.015,0.015,0.015,0.031,0.03,0.022,0.031,0.016,0.016,0.017,0.015,0.022,0.02,0.03,0.016,0.016,0.015,0.027,0.015,0.03,0.048,0.014826,0.015,0.017,0.016,0.016,0.017,0.026,0.015,0.015,0.015,0.021,0.023,0.016,0.02,0.023,0.013,0.027,0.015,0.023,0.021,0.026,0.021,0.026,0.024,0.021,0.039,0.026,0.016,0.024,0.021,0.022,0.039,0.024,0.015,0.016,0.016,0.015,0.018,0.015,0.018,0.015,0.019,0.035,0.034,0.014,0.013,0.013,0.013,0.015,0.023,0.025,0.031,0.025,0.016,0.026,0.018,0.026,0.039,0.022,0.016,0.015,0.015,0.02,0.032,0.019,0.027,0.025,0.023,0.035,0.017,0.014,0.023,0.026,0.029,0.031,0.015,0.031,0.028,0.017,0.023,0.015,0.015,0.027,0.015,0.022,0.022,0.015,0.021,0.023,0.015,0.031,0.016,0.017,0.025,0.016,0.016,0.032,0.015,0.017,0.023,0.015,0.024,0.016,0.016,0.022,0.039,0.028,0.015,0.026,0.015,0.016,0.03,0.016,0.017,0.015,0.015,0.016,0.029,0.02,0.016,0.02,0.016,0.015,0.033,0.029,0.016,0.03,0.031,0.018,0.016,0.015,0.015,0.054,0.027,0.025347,0.02,0.012,0.027,0.016,0.016,0.016,0.016,0.016,0.032,0.028,0.015,0.015,0.024,0.017,0.015,0.027,0.025,0.017,0.048,0.018,0.015,0.016,0.015,0.028,0.031,0.018,0.015,0.016,0.024,0.015,0.031,0.031,0.016,0.032,0.016,0.016,0.017,0.017,0.024,0.047,0.025,0.04,0.03,0.027,0.027,0.027,0.044,0.036,0.026,0.017,0.031,0.017,0.042,0.032,0.048,0.016,0.019,0.016,0.017,0.015,0.032
0.016,0.017,0.016,0.019,0.016,0.018,0.016,0.03,0.015,0.017,0.025,0.018,0.016,0.018,0.017,0.017,0.017,0.026,0.032,0.016,0.025,0.015,0.017,0.02,0.026,0.017,0.018,0.017,0.015,0.016,0.017,0.017,0.016,0.018,0.019,0.017,0.022,0.018,0.026,0.019,0.018,0.018,0.02,0.024,0.017,0.017,0.028,0.044,0.027,0.032,0.019,0.016,0.016,0.029,0.026,0.024,0.039,0.015,0.013,0.013,0.015,0.014,0.028,0.022,0.013,0.025,0.013,0.013,0.013,0.027,0.017,0.015,0.014,0.013,0.023,0.02,0.013,0.02,0.027,0.029,0.014,0.013,0.023,0.02,0.015,0.014,0.013,0.013,0.013,0.024,0.012,0.018,0.012,0.017,0.021,0.013,0.042,0.013,0.017,0.013,0.026,0.013,0.019,0.013,0.013,0.014,0.013,0.019,0.018,0.023,0.029,0.03,0.028,0.026,0.016,0.013,0.013,0.014,0.066,0.055,0.033,0.019,0.024,0.012,0.026,0.013,0.013,0.019,0.013,0.028,0.014,0.017,0.021,0.027,0.013,0.014,0.013,0.017,0.014,0.032,0.028,0.026,0.015,0.016,0.026,0.031,0.016,0.016,0.03,0.016,0.016,0.031,0.018,0.024,0.015,0.028,0.026,0.015,0.018,0.025,0.027,0.015,0.023,0.021,0.016,0.019,0.028,0.015,0.033,0.025588,0.024,0.016,0.025,0.031,0.032,0.015,0.019,0.028,0.031,0.025,0.015,0.017,0.015,0.013,0.028,0.016,0.013,0.013,0.026,0.016,0.015,0.015,0.022,0.015,0.022,0.015,0.022,0.016,0.024,0.027,0.038,0.015,0.026,0.019,0.026,0.023,0.015,0.025,0.015,0.031,0.015,0.028,0.034,0.012,0.021,0.03,0.016,0.03,0.016,0.022,0.015,0.016,0.026,0.016,0.03,0.035,0.031,0.026,0.015,0.018,0.016,0.027,0.039,0.027,0.02,0.023,0.015,0.032,0.03,0.015,0.024,0.016,0.018,0.015,0.017,0.041,0.016,0.015,0.016,0.021,0.033,0.019,0.024,0.026,0.025,0.031,0.016,0.015,0.015,0.015,0.02,0.044,0.016,0.018,0.026,0.015,0.015,0.029,0.016,0.015,0.015,0.015,0.015,0.016,0.043,0.015,0.015,0.021,0.015,0.015,0.015,0.016,0.015,0.016,0.015,0.029,0.017,0.015,0.029,0.024,0.015,0.025,0.042,0.015,0.016,0.017,0.016,0.027,0.029,0.019,0.02,0.08,0.014,0.018069,0.013,0.013,0.014,0.03,0.023,0.015,0.017,0.015,0.032,0.015,0.015,0.015,0.015,0.016,0.015,0.024,0.022,0.031,0.033,0.017,0.022,0.016,0.021,0.015,0.017,0.017,0.04,0.015,0.016,0.014,0.032,0.015,0.017,0.033,0.016,0.017,0.015,0.015,0.03,0.056,0.026,0.027,0.026,0.027,0.026,0.027,0.044,0.04,0.025,0.017,0.032,0.028,0.034,0.032,0.024,0.027,0.027,0.016,0.017,0.015,0.045
0.024,0.017,0.016,0.032,0.017,0.021,0.016,0.024,0.016,0.026,0.018,0.017,0.017,0.017,0.017,0.022,0.016,0.022,0.018,0.018,0.025,0.015,0.031,0.03,0.024,0.016,0.017,0.024,0.016,0.015,0.04,0.017,0.016,0.017,0.032,0.02,0.034,0.018,0.017,0.022,0.027,0.032,0.017,0.029,0.017,0.018,0.023,0.034,0.023,0.033,0.016,0.016,0.016,0.016,0.024,0.016,0.085,0.013,0.023,0.013,0.029,0.013,0.014,0.014,0.014,0.019,0.014,0.014,0.018,0.013,0.014,0.013,0.013,0.013,0.013,0.012,0.024,0.013,0.016,0.014,0.014,0.013,0.021,0.023,0.025,0.014,0.013,0.026,0.013,0.019,0.022,0.013,0.024,0.014,0.013,0.013,0.017,0.013,0.013,0.014,0.013,0.014,0.023,0.019,0.02,0.026,0.013,0.024,0.025,0.013,0.014,0.044,0.016,0.013,0.014,0.013,0.02,0.028,0.032,0.086,0.043,0.014,0.018,0.013,0.016,0.013,0.012,0.013,0.014,0.015,0.018,0.026,0.013,0.014,0.021,0.018,0.027,0.013,0.013,0.036,0.016,0.021,0.032,0.016,0.015,0.017,0.023,0.028,0.016,0.03,0.027,0.022,0.015,0.015,0.016,0.019,0.02,0.023,0.026,0.015,0.015,0.015,0.024,0.025,0.027,0.016,0.017,0.015,0.035,0.019131,0.022,0.027,0.021,0.015,0.018,0.021,0.028,0.018,0.015,0.015,0.022,0.028,0.026,0.016,0.012,0.013,0.027,0.017,0.015,0.019,0.025,0.019,0.015,0.027,0.023,0.022,0.027,0.022,0.015,0.034,0.052,0.023,0.02,0.028,0.02,0.025,0.029,0.021,0.028,0.015,0.026,0.042,0.051,0.028,0.021,0.013,0.026,0.015,0.02,0.016,0.015,0.02,0.02,0.018,0.017,0.017,0.039,0.015,0.03,0.028,0.028,0.015,0.038,0.015,0.015,0.015,0.022,0.047,0.015,0.028,0.015,0.018,0.016,0.015,0.03,0.039,0.019,0.028,0.023,0.026,0.018,0.016,0.022,0.015,0.015,0.014,0.018,0.015,0.031,0.015,0.028,0.031,0.015,0.028,0.021,0.015,0.031,0.019,0.015,0.029,0.015,0.015,0.016,0.015,0.033,0.015,0.015,0.015,0.03,0.025,0.016,0.02,0.018,0.031,0.023,0.017,0.016,0.015,0.018,0.028,0.022,0.021,0.031,0.015,0.022,0.016,0.015,0.015,0.015,0.027,0.026,0.076,0.013,0.01832,0.012,0.027,0.013,0.015,0.025,0.015,0.031,0.016,0.032,0.015,0.028,0.017,0.017,0.015,0.016,0.015,0.016,0.018,0.033,0.027,0.026,0.015,0.027,0.016,0.015,0.015,0.037,0.025,0.016,0.015,0.043,0.015,0.019,0.032,0.023,0.031,0.016,0.026,0.016,0.042,0.026,0.025,0.026,0.028,0.027,0.026,0.045,0.026,0.036,0.016,0.017,0.022,0.032,0.032,0.018,0.024,0.023,0.016,0.016,0.028,0.051
0.02,0.033,0.027,0.016,0.017,0.03,0.028,0.018,0.019,0.026,0.018,0.018,0.03,0.017,0.017,0.029,0.017,0.016,0.017,0.029,0.017,0.016,0.016,0.017,0.017,0.026,0.018,0.029,0.031,0.024,0.022,0.017,0.016,0.029,0.023,0.031,0.019,0.018,0.018,0.03,0.026,0.02,0.016,0.017,0.025,0.021,0.016,0.033,0.016,0.045,0.016,0.016,0.016,0.016,0.016,0.016,0.063,0.013,0.021,0.024,0.015,0.016,0.014,0.014,0.026,0.013,0.013,0.013,0.025,0.012,0.015,0.014,0.023,0.012,0.013,0.013,0.019,0.013,0.013,0.014,0.027,0.017,0.013,0.013,0.019,0.016,0.025,0.016,0.025,0.013,0.022,0.012,0.02,0.013,0.013,0.02,0.013,0.028,0.013,0.029,0.012,0.013,0.013,0.023,0.022,0.016,0.013,0.013,0.013,0.013,0.012,0.033,0.013,0.013,0.012,0.017,0.024,0.013,0.076,0.026,0.025,0.013,0.013,0.013,0.013,0.028,0.016,0.013,0.018,0.013,0.025,0.013,0.012,0.013,0.021,0.025,0.016,0.017,0.025,0.043,0.015,0.015,0.016,0.022,0.016,0.016,0.024,0.019,0.016,0.015,0.018,0.024,0.015,0.016,0.025,0.015,0.015,0.021,0.015,0.015,0.015,0.028,0.015,0.015,0.018,0.023,0.016,0.03,0.047,0.014587,0.015,0.018,0.016,0.015,0.017,0.026,0.016,0.015,0.015,0.019,0.024,0.015,0.02,0.027,0.013,0.026,0.013,0.025,0.022,0.026,0.022,0.027,0.024,0.019,0.038,0.024,0.016,0.025,0.022,0.022,0.023,0.024,0.015,0.015,0.016,0.015,0.018,0.015,0.018,0.015,0.02,0.049,0.034,0.014,0.013,0.012,0.013,0.016,0.025,0.022,0.03,0.026,0.015,0.029,0.015,0.022,0.041,0.018,0.017,0.015,0.018,0.015,0.03,0.015,0.025,0.02,0.026,0.036,0.015,0.019,0.019,0.028,0.025,0.03,0.015,0.033,0.028,0.023,0.024,0.016,0.015,0.025,0.015,0.015,0.016,0.015,0.028,0.031,0.015,0.022,0.015,0.031,0.018,0.015,0.015,0.018,0.016,0.016,0.024,0.018,0.015,0.026,0.028,0.023,0.033,0.018,0.032,0.015,0.016,0.021,0.021,0.028,0.029,0.015,0.024,0.015,0.015,0.023,0.016,0.019,0.024,0.015,0.031,0.021,0.026,0.021,0.022,0.016,0.015,0.015,0.015,0.044,0.024,0.023841,0.027,0.013,0.018,0.015,0.016,0.022,0.017,0.022,0.044,0.015,0.02,0.027,0.023,0.027,0.03,0.016,0.015,0.016,0.033,0.024,0.015,0.025,0.015,0.016,0.015,0.018,0.031,0.022,0.024,0.031,0.035,0.016,0.033,0.032,0.027,0.017,0.015,0.026,0.017,0.042,0.041,0.025,0.026,0.042,0.026,0.037,0.045,0.027,0.034,0.018,0.016,0.016,0.031,0.04,0.017,0.015,0.027,0.03,0.048,0.018,0.039
0.016,0.017,0.023,0.016,0.016,0.016,0.023,0.017,0.032,0.018,0.016,0.022,0.021,0.019,0.016,0.017,0.031,0.016,0.016,0.023,0.015,0.017,0.016,0.016,0.017,0.023,0.024,0.017,0.019,0.028,0.017,0.026,0.024,0.025,0.019,0.018,0.019,0.017,0.019,0.017,0.018,0.018,0.031,0.016,0.024,0.029,0.015,0.033,0.016,0.036,0.026,0.029,0.016,0.017,0.016,0.015,0.042,0.013,0.013,0.02,0.014,0.028,0.013,0.013,0.017,0.012,0.016,0.012,0.014,0.013,0.027,0.024,0.018,0.024,0.012,0.013,0.013,0.014,0.013,0.013,0.015,0.027,0.013,0.013,0.013,0.025,0.018,0.013,0.018,0.013,0.013,0.013,0.012,0.013,0.013,0.023,0.013,0.016,0.013,0.013,0.013,0.027,0.013,0.013,0.013,0.013,0.019,0.013,0.013,0.013,0.013,0.029,0.013,0.013,0.019,0.027,0.012,0.013,0.05,0.062,0.013,0.013,0.013,0.026,0.013,0.013,0.025,0.027,0.024,0.013,0.013,0.013,0.027,0.019,0.013,0.012,0.013,0.025,0.018,0.031,0.025,0.015,0.016,0.025,0.023,0.016,0.015,0.016,0.024,0.015,0.015,0.016,0.031,0.028,0.019,0.023,0.023,0.015,0.015,0.028,0.026,0.017,0.019,0.017,0.016,0.022,0.028,0.015,0.033,0.01937,0.025,0.015,0.022,0.03,0.03,0.015,0.015,0.026,0.027,0.027,0.015,0.019,0.016,0.06,0.025,0.017,0.013,0.013,0.023,0.015,0.015,0.015,0.021,0.015,0.023,0.016,0.019,0.017,0.023,0.026,0.023,0.015,0.026,0.015,0.025,0.022,0.02,0.024,0.015,0.031,0.015,0.037,0.035,0.013,0.023,0.031,0.016,0.03,0.015,0.023,0.015,0.015,0.025,0.015,0.029,0.024,0.031,0.029,0.016,0.015,0.015,0.031,0.036,0.03,0.021,0.026,0.015,0.033,0.031,0.015,0.027,0.015,0.021,0.017,0.015,0.04,0.016,0.015,0.015,0.02,0.023,0.02,0.021,0.032,0.03,0.028,0.015,0.015,0.014,0.024,0.015,0.032,0.028,0.015,0.015,0.027,0.016,0.016,0.023,0.015,0.028,0.021,0.02,0.025,0.037,0.029,0.016,0.026,0.015,0.016,0.025,0.015,0.015,0.015,0.015,0.015,0.025,0.024,0.015,0.023,0.015,0.015,0.037,0.025,0.015,0.025,0.024,0.024,0.025,0.015,0.015,0.087,0.017,0.024092,0.013,0.012,0.022,0.018,0.016,0.025,0.016,0.025,0.035,0.021,0.016,0.024,0.026,0.024,0.017,0.015,0.015,0.015,0.033,0.016,0.015,0.025,0.015,0.017,0.016,0.033,0.031,0.016,0.036,0.017,0.031,0.025,0.017,0.032,0.015,0.016,0.027,0.016,0.016,0.042,0.026,0.025,0.026,0.033,0.026,0.039,0.044,0.027,0.025,0.031,0.032,0.016,0.033,0.04,0.017,0.026,0.016,0.02,0.044,0.015,0.032
0.015,0.016,0.015,0.016,0.032,0.017,0.015,0.016,0.017,0.018,0.016,0.03,0.015,0.033,0.03,0.017,0.017,0.017,0.016,0.017,0.016,0.031,0.017,0.017,0.017,0.016,0.029,0.017,0.017,0.018,0.019,0.022,0.026,0.018,0.018,0.019,0.017,0.031,0.029,0.018,0.018,0.018,0.019,0.017,0.016,0.016,0.016,0.036,0.015,0.032,0.022,0.02,0.028,0.016,0.015,0.016,0.078,0.013,0.012,0.013,0.013,0.016,0.013,0.018,0.013,0.013,0.028,0.022,0.013,0.012,0.013,0.018,0.014,0.018,0.026,0.023,0.013,0.025,0.018,0.016,0.013,0.013,0.013,0.013,0.013,0.013,0.013,0.013,0.013,0.012,0.013,0.013,0.013,0.016,0.013,0.013,0.013,0.013,0.015,0.014,0.013,0.015,0.013,0.013,0.012,0.013,0.024,0.013,0.013,0.022,0.02,0.028,0.018,0.028,0.025,0.013,0.013,0.013,0.061,0.074,0.013,0.028,0.013,0.018,0.021,0.013,0.012,0.014,0.012,0.027,0.013,0.022,0.015,0.022,0.013,0.013,0.013,0.013,0.013,0.032,0.022,0.031,0.024,0.016,0.024,0.03,0.015,0.019,0.022,0.023,0.016,0.015,0.016,0.018,0.015,0.023,0.022,0.018,0.028,0.017,0.02,0.015,0.027,0.028,0.022,0.015,0.017,0.015,0.035,0.024631,0.021,0.026,0.024,0.017,0.02,0.093,0.032,0.02,0.019,0.015,0.021,0.026,0.235,0.259,0.016,0.014,0.027,0.015,0.015,0.019,0.023,0.018,0.016,0.029,0.022,0.024,0.028,0.025,0.015,0.034,0.038,0.023,0.019,0.032,0.021,0.025,0.036,0.022,0.028,0.015,0.026,0.043,0.049,0.027,0.019,0.013,0.027,0.014,0.019,0.015,0.016,0.019,0.021,0.015,0.017,0.015,0.035,0.015,0.027,0.031,0.025,0.016,0.029,0.015,0.015,0.015,0.018,0.046,0.015,0.024,0.016,0.016,0.015,0.015,0.031,0.042,0.019,0.02,0.022,0.026,0.028,0.016,0.025,0.015,0.015,0.019,0.015,0.015,0.024,0.015,0.025,0.027,0.016,0.016,0.022,0.015,0.017,0.029,0.016,0.015,0.019,0.016,0.015,0.015,0.045,0.016,0.015,0.022,0.017,0.016,0.015,0.016,0.016,0.016,0.016,0.028,0.021,0.015,0.027,0.027,0.016,0.028,0.041,0.015,0.016,0.016,0.016,0.021,0.02,0.025,0.028,0.054,0.013,0.017567,0.013,0.022,0.013,0.028,0.022,0.015,0.015,0.015,0.023,0.026,0.016,0.016,0.017,0.016,0.015,0.027,0.026,0.022,0.049,0.016,0.015,0.016,0.016,0.032,0.031,0.017,0.032,0.015,0.016,0.016,0.031,0.025,0.016,0.044,0.016,0.014,0.025,0.022,0.018,0.042,0.025,0.038,0.026,0.026,0.034,0.026,0.043,0.027,0.025,0.02,0.016,0.017,0.047,0.027,0.033,0.019,0.016,0.015,0.034,0.017,0.046
0.022,0.016,0.017,0.016,0.021,0.017,0.017,0.026,0.016,0.017,0.028,0.016,0.016,0.018,0.021,0.018,0.016,0.032,0.028,0.017,0.016,0.018,0.029,0.022,0.02,0.016,0.015,0.016,0.016,0.018,0.024,0.016,0.016,0.017,0.018,0.02,0.023,0.023,0.023,0.018,0.02,0.025,0.016,0.025,0.016,0.015,0.024,0.044,0.018,0.032,0.016,0.017,0.022,0.017,0.016,0.025,0.031,0.026,0.014,0.013,0.013,0.013,0.021,0.026,0.014,0.02,0.013,0.023,0.012,0.021,0.013,0.013,0.013,0.013,0.016,0.019,0.013,0.017,0.025,0.027,0.013,0.013,0.021,0.019,0.013,0.013,0.013,0.013,0.012,0.021,0.013,0.022,0.013,0.028,0.019,0.013,0.012,0.013,0.028,0.013,0.024,0.013,0.022,0.013,0.014,0.018,0.013,0.016,0.017,0.022,0.023,0.03,0.025,0.014,0.013,0.013,0.013,0.013,0.075,0.026,0.013,0.014,0.028,0.013,0.02,0.013,0.013,0.014,0.013,0.015,0.025,0.021,0.013,0.013,0.028,0.025,0.025,0.013,0.019,0.045,0.015,0.016,0.022,0.016,0.017,0.016,0.028,0.027,0.015,0.023,0.029,0.024,0.015,0.015,0.02,0.015,0.015,0.027,0.016,0.015,0.016,0.023,0.016,0.016,0.023,0.019,0.015,0.03,0.047,0.014826,0.016,0.02,0.016,0.015,0.017,0.405,0.015,0.015,0.016,0.018,0.026,0.015,0.298,0.562,0.012,0.022,0.013,0.026,0.022,0.027,0.023,0.029,0.023,0.017,0.037,0.022,0.015,0.024,0.022,0.022,0.023,0.024,0.015,0.015,0.015,0.015,0.024,0.015,0.018,0.015,0.02,0.049,0.036,0.014,0.013,0.013,0.013,0.018,0.027,0.021,0.03,0.027,0.016,0.031,0.016,0.024,0.047,0.015,0.02,0.016,0.022,0.016,0.016,0.016,0.022,0.016,0.031,0.035,0.015,0.023,0.015,0.031,0.022,0.027,0.016,0.033,0.028,0.031,0.025,0.016,0.014,0.023,0.015,0.016,0.016,0.015,0.029,0.023,0.022,0.015,0.021,0.022,0.015,0.028,0.025,0.015,0.029,0.017,0.015,0.022,0.016,0.015,0.015,0.016,0.033,0.015,0.015,0.015,0.03,0.03,0.016,0.021,0.021,0.03,0.025,0.019,0.015,0.015,0.019,0.019,0.021,0.019,0.031,0.015,0.028,0.015,0.015,0.015,0.015,0.021,0.018,0.062,0.02,0.019073,0.019,0.018,0.012,0.015,0.025,0.015,0.023,0.015,0.016,0.015,0.016,0.017,0.016,0.017,0.015,0.021,0.022,0.028,0.035,0.021,0.027,0.016,0.015,0.017,0.016,0.016,0.047,0.017,0.015,0.016,0.031,0.017,0.018,0.04,0.017,0.02,0.015,0.019,0.015,0.051,0.035,0.031,0.037,0.027,0.041,0.026,0.043,0.027,0.025,0.016,0.016,0.027,0.032,0.016,0.02,0.031,0.016,0.016,0.033,0.021,0.035
0.027,0.016,0.015,0.029,0.017,0.017,0.017,0.025,0.016,0.018,0.023,0.016,0.016,0.018,0.017,0.031,0.016,0.017,0.02,0.016,0.025,0.015,0.019,0.025,0.028,0.017,0.016,0.016,0.016,0.017,0.03,0.015,0.016,0.018,0.032,0.034,0.032,0.018,0.02,0.022,0.035,0.03,0.016,0.027,0.015,0.016,0.024,0.032,0.031,0.032,0.016,0.016,0.015,0.031,0.029,0.024,0.084,0.019,0.012,0.013,0.021,0.013,0.024,0.014,0.017,0.023,0.012,0.012,0.013,0.022,0.017,0.012,0.02,0.013,0.013,0.013,0.015,0.013,0.013,0.013,0.015,0.013,0.021,0.024,0.024,0.013,0.013,0.028,0.013,0.022,0.013,0.025,0.018,0.013,0.026,0.013,0.025,0.012,0.02,0.013,0.018,0.013,0.02,0.027,0.028,0.024,0.013,0.027,0.026,0.013,0.012,0.04,0.013,0.013,0.012,0.013,0.013,0.029,0.027,0.079,0.029,0.013,0.015,0.013,0.013,0.026,0.02,0.02,0.017,0.013,0.016,0.014,0.016,0.014,0.014,0.017,0.018,0.025,0.023,0.034,0.016,0.015,0.016,0.028,0.015,0.015,0.02,0.049,0.017,0.015,0.016,0.021,0.018,0.019,0.025,0.017,0.021,0.015,0.015,0.02,0.015,0.022,0.015,0.015,0.015,0.027,0.028,0.016,0.033,0.015305,0.025,0.016,0.019,0.028,0.028,0.075,0.016,0.025,0.022,0.028,0.016,0.031,0.053,0.101,0.023,0.02,0.015,0.013,0.023,0.015,0.015,0.015,0.023,0.016,0.025,0.016,0.017,0.016,0.025,0.026,0.022,0.019,0.028,0.015,0.025,0.023,0.022,0.023,0.015,0.03,0.015,0.038,0.035,0.013,0.025,0.03,0.016,0.027,0.015,0.025,0.016,0.016,0.024,0.016,0.029,0.022,0.031,0.032,0.015,0.015,0.016,0.025,0.016,0.025,0.024,0.031,0.014,0.031,0.028,0.015,0.031,0.016,0.026,0.021,0.015,0.036,0.016,0.015,0.016,0.02,0.016,0.024,0.018,0.025,0.027,0.023,0.02,0.023,0.015,0.029,0.016,0.014,0.015,0.019,0.015,0.021,0.015,0.015,0.024,0.025,0.015,0.015,0.016,0.017,0.032,0.017,0.025,0.015,0.016,0.015,0.025,0.028,0.026,0.017,0.025,0.015,0.015,0.02,0.015,0.023,0.025,0.015,0.032,0.025,0.019,0.028,0.027,0.016,0.018,0.016,0.016,0.086,0.02,0.022085,0.021,0.013,0.024,0.015,0.016,0.015,0.025,0.015,0.02,0.026,0.029,0.016,0.019,0.016,0.021,0.015,0.015,0.016,0.033,0.027,0.022,0.015,0.031,0.015,0.015,0.016,0.032,0.03,0.016,0.027,0.026,0.016,0.023,0.031,0.019,0.015,0.018,0.017,0.024,0.053,0.04,0.025,0.037,0.026,0.028,0.027,0.049,0.026,0.025,0.016,0.016,0.023,0.031,0.016,0.017,0.016,0.015,0.017,0.033,0.028,0.033
0.016,0.031,0.016,0.022,0.017,0.023,0.017,0.016,0.017,0.031,0.016,0.015,0.023,0.016,0.018,0.019,0.015,0.016,0.016,0.019,0.024,0.016,0.016,0.015,0.016,0.017,0.015,0.016,0.024,0.028,0.018,0.015,0.015,0.03,0.019,0.02,0.018,0.018,0.019,0.03,0.021,0.019,0.029,0.016,0.031,0.024,0.049,0.032,0.016,0.035,0.021,0.017,0.016,0.017,0.02,0.015,0.079,0.013,0.027,0.013,0.022,0.014,0.013,0.013,0.027,0.013,0.013,0.014,0.026,0.012,0.024,0.02,0.02,0.017,0.013,0.013,0.027,0.012,0.013,0.013,0.027,0.016,0.013,0.013,0.018,0.024,0.023,0.017,0.023,0.013,0.023,0.012,0.026,0.016,0.017,0.025,0.021,0.022,0.076,0.026,0.013,0.016,0.014,0.015,0.014,0.013,0.013,0.013,0.013,0.013,0.013,0.042,0.012,0.013,0.013,0.014,0.028,0.014,0.063,0.068,0.014,0.013,0.013,0.02,0.013,0.016,0.021,0.056,0.025,0.013,0.013,0.013,0.026,0.024,0.014,0.013,0.013,0.03,0.016,0.032,0.03,0.019,0.017,0.02,0.025,0.018,0.015,0.019,0.029,0.015,0.016,0.015,0.028,0.027,0.016,0.03,0.025,0.015,0.022,0.026,0.032,0.015,0.031,0.03,0.018,0.016,0.017,0.016,0.035,0.026066,0.02,0.023,0.026,0.019,0.022,0.045,0.029,0.022,0.024,0.016,0.017,0.024,0.049,0.046,0.019,0.014,0.026,0.014,0.015,0.018,0.039,0.015,0.015,0.031,0.022,0.025,0.031,0.02,0.015,0.035,0.039,0.052,0.018,0.03,0.021,0.025,0.037,0.023,0.028,0.016,0.025,0.036,0.046,0.027,0.017,0.013,0.026,0.015,0.017,0.016,0.015,0.017,0.022,0.015,0.017,0.015,0.032,0.016,0.025,0.07,0.021,0.021,0.03,0.021,0.015,0.015,0.015,0.048,0.019,0.018,0.015,0.015,0.015,0.015,0.028,0.043,0.019,0.015,0.021,0.027,0.031,0.015,0.028,0.022,0.019,0.022,0.016,0.055,0.015,0.018,0.015,0.015,0.032,0.015,0.015,0.025,0.015,0.015,0.022,0.015,0.016,0.028,0.026,0.03,0.036,0.03,0.025,0.025,0.015,0.015,0.029,0.015,0.015,0.015,0.016,0.016,0.021,0.026,0.015,0.026,0.016,0.015,0.034,0.023,0.015,0.018,0.019,0.03,0.028,0.015,0.019,0.062,0.013,0.022837,0.013,0.013,0.016,0.019,0.015,0.029,0.015,0.028,0.027,0.015,0.021,0.028,0.029,0.031,0.026,0.015,0.016,0.017,0.033,0.015,0.017,0.021,0.018,0.015,0.015,0.017,0.031,0.015,0.025,0.022,0.017,0.015,0.025,0.031,0.032,0.026,0.017,0.016,0.029,0.042,0.055,0.025,0.027,0.027,0.027,0.026,0.059,0.04,0.026,0.016,0.015,0.016,0.031,0.02,0.015,0.016,0.031,0.018,0.034,0.017,0.033
0.015,0.018,0.031,0.016,0.016,0.029,0.056,0.017,0.026,0.02,0.016,0.016,0.03,0.015,0.017,0.016,0.025,0.017,0.017,0.03,0.016,0.016,0.016,0.016,0.015,0.023,0.015,0.028,0.028,0.022,0.018,0.025,0.016,0.021,0.017,0.019,0.018,0.019,0.019,0.017,0.02,0.02,0.022,0.017,0.017,0.023,0.017,0.033,0.016,0.046,0.028,0.032,0.015,0.016,0.015,0.029,0.035,0.013,0.018,0.029,0.013,0.013,0.013,0.013,0.013,0.013,0.013,0.013,0.017,0.013,0.012,0.022,0.013,0.025,0.014,0.013,0.013,0.013,0.013,0.013,0.013,0.026,0.013,0.013,0.013,0.019,0.02,0.014,0.02,0.013,0.021,0.013,0.013,0.024,0.015,0.028,0.014,0.023,0.045,0.017,0.013,0.026,0.013,0.013,0.013,0.013,0.021,0.013,0.013,0.013,0.014,0.031,0.013,0.024,0.026,0.029,0.015,0.013,0.083,0.018,0.013,0.015,0.013,0.023,0.015,0.014,0.013,0.431,0.013,0.026,0.017,0.03,0.014,0.017,0.018,0.016,0.013,0.03,0.013,0.038,0.017,0.029,0.03,0.016,0.022,0.028,0.015,0.028,0.015,0.03,0.015,0.016,0.015,0.015,0.051,0.016,0.015,0.029,0.023,0.016,0.015,0.019,0.059,0.015,0.028,0.015,0.016,0.029,0.048,0.028457,0.015,0.023,0.016,0.015,0.017,0.055,0.018,0.015,0.016,0.021,0.029,0.015,0.063,0.063,0.014,0.021,0.013,0.028,0.023,0.028,0.041,0.031,0.024,0.016,0.036,0.021,0.016,0.026,0.021,0.022,0.023,0.027,0.015,0.047,0.016,0.015,0.024,0.015,0.019,0.016,0.02,0.033,0.039,0.014,0.013,0.013,0.013,0.033,0.029,0.018,0.03,0.035,0.015,0.03,0.019,0.027,0.049,0.015,0.023,0.053,0.026,0.015,0.015,0.015,0.02,0.016,0.031,0.035,0.015,0.028,0.016,0.03,0.018,0.023,0.019,0.031,0.028,0.032,0.027,0.016,0.019,0.02,0.016,0.015,0.015,0.015,0.026,0.078,0.031,0.015,0.03,0.02,0.016,0.015,0.016,0.015,0.022,0.03,0.015,0.02,0.031,0.02,0.023,0.017,0.045,0.016,0.015,0.022,0.022,0.024,0.063,0.015,0.016,0.016,0.017,0.024,0.025,0.024,0.025,0.03,0.015,0.03,0.025,0.025,0.019,0.016,0.015,0.016,0.015,0.03,0.026,0.432,0.015,0.018822,0.012,0.027,0.013,0.027,0.022,0.018,0.015,0.02,0.016,0.022,0.015,0.021,0.015,0.02,0.015,0.016,0.015,0.016,0.043,0.015,0.017,0.028,0.015,0.029,0.017,0.03,0.031,0.015,0.022,0.017,0.016,0.029,0.016,0.031,0.018,0.025,0.015,0.025,0.015,0.042,0.044,0.024,0.026,0.026,0.026,0.027,0.057,0.039,0.038,0.015,0.026,0.016,0.019,0.029,0.019,0.015,0.019,0.031,0.049,0.015,0.038
0.016,0.016,0.021,0.015,0.015,0.017,0.066,0.017,0.027,0.015,0.017,0.028,0.017,0.022,0.022,0.016,0.027,0.022,0.017,0.016,0.015,0.024,0.023,0.016,0.016,0.029,0.016,0.022,0.017,0.016,0.019,0.023,0.03,0.018,0.018,0.019,0.017,0.022,0.03,0.018,0.019,0.019,0.018,0.017,0.016,0.016,0.017,0.034,0.016,0.032,0.016,0.016,0.016,0.015,0.015,0.017,0.078,0.013,0.014,0.016,0.013,0.013,0.013,0.014,0.013,0.013,0.019,0.013,0.013,0.012,0.028,0.013,0.013,0.013,0.028,0.022,0.013,0.026,0.021,0.015,0.012,0.013,0.013,0.013,0.013,0.013,0.013,0.012,0.014,0.013,0.013,0.013,0.013,0.016,0.015,0.014,0.013,0.013,0.043,0.014,0.013,0.013,0.013,0.013,0.013,0.013,0.102,0.013,0.013,0.044,0.026,0.03,0.026,0.02,0.017,0.014,0.013,0.013,0.024,0.076,0.014,0.028,0.015,0.013,0.028,0.013,0.013,0.475,0.013,0.018,0.025,0.095,0.013,0.058,0.024,0.026,0.024,0.032,0.029,0.025,0.02,0.015,0.016,0.015,0.018,0.016,0.032,0.023,0.016,0.016,0.03,0.027,0.016,0.016,0.034,0.015,0.017,0.016,0.015,0.015,0.015,0.027,0.021,0.015,0.015,0.03,0.027,0.017,0.033,0.016022,0.027,0.016,0.015,0.025,0.027,0.044,0.016,0.022,0.016,0.029,0.016,0.023,0.046,0.046,0.056,0.021,0.017,0.025,0.022,0.016,0.018,0.015,0.023,0.015,0.026,0.016,0.05,0.016,0.024,0.023,0.023,0.018,0.028,0.02,0.025,0.023,0.022,0.021,0.015,0.029,0.015,0.022,0.032,0.013,0.028,0.029,0.016,0.344,0.015,0.028,0.015,0.015,0.023,0.017,0.058,0.02,0.031,0.029,0.015,0.028,0.015,0.053,0.016,0.034,0.026,0.046,0.027,0.031,0.024,0.015,0.026,0.017,0.028,0.042,0.015,0.033,0.016,0.02,0.017,0.02,0.016,0.027,0.015,0.017,0.021,0.019,0.032,0.063,0.034,0.018,0.016,0.028,0.015,0.022,0.04,0.016,0.074,0.017,0.016,0.02,0.016,0.015,0.032,0.073,0.033,0.016,0.016,0.016,0.025,0.023,0.034,0.022,0.022,0.031,0.038,0.023,0.016,0.021,0.022,0.023,0.019,0.017,0.015,0.015,0.029,0.017,0.017,0.015,0.016,0.016,0.021,0.304,0.025,0.017567,0.027,0.013,0.015,0.016,0.027,0.016,0.016,0.015,0.016,0.026,0.016,0.015,0.016,0.015,0.015,0.026,0.025,0.026,0.043,0.016,0.016,0.016,0.016,0.028,0.031,0.018,0.021,0.016,0.016,0.016,0.016,0.023,0.015,0.031,0.017,0.015,0.016,0.028,0.018,0.042,0.041,0.028,0.026,0.025,0.026,0.027,0.044,0.026,0.032,0.03,0.023,0.015,0.032,0.016,0.032,0.027,0.018,0.016,0.035,0.015,0.043
0.031,0.015,0.015,0.016,0.028,0.016,0.021,0.021,0.016,0.016,0.017,0.021,0.017,0.028,0.028,0.023,0.016,0.025,0.025,0.015,0.016,0.023,0.027,0.025,0.016,0.017,0.026,0.015,0.016,0.015,0.029,0.017,0.018,0.018,0.017,0.028,0.024,0.034,0.022,0.017,0.023,0.028,0.017,0.026,0.015,0.015,0.022,0.046,0.015,0.031,0.016,0.016,0.024,0.016,0.015,0.017,0.045,0.013,0.013,0.013,0.013,0.03,0.013,0.023,0.013,0.013,0.024,0.021,0.012,0.013,0.039,0.013,0.017,0.013,0.013,0.02,0.013,0.017,0.021,0.028,0.013,0.013,0.019,0.016,0.013,0.013,0.013,0.015,0.022,0.016,0.021,0.013,0.134,0.054,0.014,0.015,0.013,0.017,0.045,0.05,0.014,0.013,0.026,0.02,0.021,0.029,0.457,0.013,0.047,0.057,0.017,0.021,0.033,0.014,0.014,0.014,0.014,0.014,0.107,0.071,0.013,0.016,0.028,0.015,0.013,0.025,0.022,0.213,0.017,0.014,0.013,0.211,0.021,0.018,0.013,0.014,0.021,0.038,0.013,0.016,0.052,0.016,0.016,0.035,0.108,0.015,0.022,0.027,0.026,0.016,0.016,0.02,0.043,0.026,0.017,0.029,0.028,0.016,0.016,0.027,0.055,0.021,0.03,0.046,0.015,0.015,0.019,0.015,0.034,0.024153,0.024,0.022,0.03,0.057,0.023,0.044,0.069,0.026,0.031,0.015,0.015,0.022,0.04,0.132,0.016,0.05,0.025,0.038,0.016,0.017,0.02,0.016,0.015,0.032,0.022,0.026,0.036,0.02,0.015,0.028,0.037,0.024,0.022,0.03,0.022,0.024,0.032,0.025,0.027,0.019,0.045,0.027,0.039,0.028,0.014,0.014,0.027,0.11,0.047,0.015,0.016,0.031,0.048,0.015,0.019,0.015,0.031,0.023,0.029,0.024,0.017,0.029,0.032,0.057,0.014,0.042,0.048,0.045,0.022,0.021,0.02,0.015,0.015,0.109,0.028,0.045,0.019,0.015,0.019,0.051,0.049,0.016,0.035,0.031,0.025,0.068,0.083,0.045,0.082,0.041,0.05,0.034,0.021,0.026,0.057,0.025,0.378,0.015,0.023,0.03,0.014,0.033,0.102,0.048,0.033,0.024,0.031,0.024,0.03,0.024,0.032,0.026,0.027,0.081,0.089,0.024,0.026,0.018,0.015,0.026,0.029,0.021,0.021,0.028,0.015,0.029,0.035,0.027,0.077,0.015,0.06,0.143,0.013,0.023339,0.014,0.012,0.026,0.015,0.017,0.015,0.03,0.015,0.015,0.015,0.015,0.015,0.015,0.016,0.016,0.022,0.023,0.021,0.041,0.031,0.03,0.016,0.015,0.025,0.017,0.015,0.028,0.024,0.015,0.021,0.031,0.027,0.015,0.026,0.015,0.016,0.023,0.015,0.026,0.042,0.04,0.04,0.026,0.028,0.026,0.026,0.045,0.027,0.025,0.022,0.017,0.024,0.016,0.016,0.018,0.023,0.017,0.016,0.033,0.026,0.033
0.017,0.016,0.016,0.022,0.022,0.016,0.019,0.032,0.019,0.016,0.025,0.016,0.017,0.016,0.016,0.028,0.018,0.016,0.026,0.016,0.016,0.015,0.016,0.023,0.028,0.016,0.025,0.016,0.016,0.016,0.023,0.017,0.016,0.02,0.032,0.024,0.028,0.019,0.018,0.02,0.03,0.026,0.024,0.029,0.021,0.016,0.029,0.033,0.025,0.031,0.016,0.016,0.026,0.015,0.016,0.021,0.059,0.018,0.013,0.013,0.025,0.016,0.02,0.054,0.021,0.027,0.224,0.023,0.013,0.024,0.031,0.012,0.026,0.015,0.013,0.013,0.013,0.012,0.014,0.016,0.017,0.013,0.024,0.028,0.023,0.014,0.313,0.275,0.383,0.323,0.325,0.064,0.105,0.592,0.235,0.445,0.349,0.564,0.169,0.018,0.242,0.186,0.124,0.269,0.203,0.056,0.303,0.029,0.034,0.016,0.029,0.022,0.039,0.029,0.214,0.289,0.396,0.396,0.466,0.031,0.026,0.301,0.099,0.012,0.061,0.151,0.053,0.093,0.027,0.013,0.054,0.09,0.064,0.03,0.044,0.062,0.103,0.108,0.066,0.071,0.032,0.027,0.112,0.108,0.079,0.025,0.096,0.123,0.02,0.083,0.052,0.082,0.101,0.098,0.018,0.017,0.016,0.11,0.082,0.103,0.087,0.053,0.02,0.103,0.074,0.089,0.109,0.068,0.065,0.020087,0.104,0.078,0.103,0.096,0.075,0.027,0.026,0.111,0.108,0.104,0.067,0.097,0.049,0.269,0.013,0.023,0.045,0.04,0.053,0.062,0.031,0.062,0.027,0.045,0.057,0.02,0.018,0.026,0.075,0.014,0.019,0.027,0.113,0.021,0.046,0.086,0.056,0.081,0.089,0.048,0.037,0.027,0.035,0.088,0.101,0.071,0.108,0.043,0.032,0.091,0.095,0.126,0.111,0.081,0.015,0.061,0.046,0.044,0.056,0.027,0.033,0.015,0.048,0.014,0.021,0.015,0.034,0.036,0.018,0.061,0.063,0.069,0.064,0.048,0.11,0.033,0.035,0.112,0.121,0.109,0.12,0.11,0.02,0.015,0.077,0.06,0.037,0.019,0.042,0.068,0.063,0.11,0.085,0.029,0.079,0.072,0.265,0.04,0.07,0.57,0.07,0.089,0.055,0.061,0.034,0.112,0.119,0.108,0.096,0.096,0.02,0.028,0.082,0.091,0.046,0.096,0.112,0.121,0.015,0.105,0.07,0.093,0.099,0.104,0.031,0.033,0.091,0.105,0.117,0.069,0.12,0.127,0.012,0.022586,0.013,0.022,0.013,0.019,0.016,0.021,0.018,0.017,0.027,0.015,0.041,0.015,0.03,0.018,0.028,0.015,0.016,0.015,0.033,0.017,0.02,0.017,0.025,0.016,0.016,0.015,0.015,0.023,0.017,0.025,0.017,0.033,0.025,0.033,0.015,0.015,0.028,0.016,0.018,0.051,0.041,0.032,0.026,0.345,0.027,0.026,0.045,0.027,0.025,0.016,0.015,0.026,0.016,0.015,0.017,0.016,0.017,0.016,0.034,0.022,0.043
0.016,0.029,0.016,0.028,0.016,0.016,0.018,0.046,0.017,0.022,0.028,0.015,0.017,0.017,0.016,0.016,0.018,0.016,0.016,0.016,0.023,0.016,0.016,0.017,0.023,0.016,0.016,0.025,0.016,0.031,0.018,0.017,0.016,0.033,0.02,0.018,0.017,0.018,0.019,0.033,0.019,0.018,0.028,0.018,0.028,0.027,0.017,0.031,0.027,0.032,0.049,0.02,0.016,0.026,0.031,0.032,0.1,0.027,0.023,0.024,0.029,0.013,0.026,0.051,0.023,0.018,0.353,0.013,0.017,0.019,0.017,0.029,0.013,0.025,0.013,0.013,0.021,0.014,0.013,0.013,0.026,0.016,0.013,0.013,0.021,0.028,0.202,0.29,0.358,0.229,0.225,0.032,0.023,0.086,0.338,0.074,0.263,0.099,0.579,0.022,0.333,0.497,0.379,0.314,0.288,0.015,0.072,0.054,0.015,0.015,0.038,0.066,0.015,0.038,0.022,0.033,0.083,0.24,0.032,0.112,0.017,0.172,0.28,0.032,0.022,0.056,0.017,0.065,0.014,0.026,0.099,0.211,0.08,0.016,0.026,0.078,0.029,0.017,0.077,0.07,0.018,0.053,0.039,0.035,0.025,0.059,0.041,0.534,0.079,0.06,0.072,0.038,0.018,0.035,0.026,0.018,0.051,0.032,0.051,0.038,0.017,0.029,0.017,0.018,0.064,0.064,0.038,0.079,0.016,0.039936,0.032,0.064,0.031,0.025,0.045,0.017,0.015,0.031,0.02,0.033,0.091,0.044,0.015,0.267,0.021,0.021,0.021,0.015,0.022,0.018,0.018,0.019,0.055,0.026,0.024,0.044,0.017,0.048,0.064,0.02,0.02,0.016,0.035,0.017,0.028,0.056,0.071,0.062,0.04,0.033,0.017,0.047,0.029,0.045,0.066,0.072,0.039,0.057,0.015,0.052,0.04,0.028,0.027,0.065,0.027,0.018,0.047,0.03,0.016,0.017,0.047,0.015,0.015,0.015,0.059,0.024,0.027,0.032,0.051,0.017,0.067,0.089,0.08,0.028,0.057,0.059,0.051,0.069,0.037,0.034,0.017,0.043,0.048,0.048,0.061,0.025,0.032,0.029,0.028,0.022,0.057,0.039,0.06,0.097,0.045,0.077,0.082,0.085,0.082,0.098,0.09,0.077,0.058,0.036,0.076,0.065,0.046,0.059,0.064,0.068,0.017,0.074,0.069,0.045,0.045,0.077,0.059,0.107,0.04,0.074,0.091,0.088,0.068,0.073,0.374,0.079,0.071,0.068,0.05,0.109,0.051,0.102,0.027,0.019324,0.017,0.019,0.013,0.028,0.022,0.026,0.015,0.03,0.021,0.016,0.09,0.03,0.018,0.03,0.02,0.016,0.015,0.016,0.032,0.016,0.015,0.017,0.034,0.016,0.017,0.016,0.015,0.015,0.03,0.015,0.015,0.033,0.025,0.021,0.027,0.016,0.015,0.017,0.015,0.093,0.048,0.025,0.027,0.951,0.027,0.027,0.053,0.027,0.025,0.016,0.016,0.016,0.016,0.016,0.016,0.016,0.024,0.016,0.034,0.015,0.179
0.016,0.022,0.019,0.016,0.017,0.02,0.018,0.083,0.016,0.03,0.018,0.016,0.027,0.017,0.016,0.016,0.016,0.016,0.016,0.023,0.027,0.015,0.016,0.017,0.017,0.016,0.017,0.019,0.024,0.02,0.018,0.023,0.016,0.021,0.017,0.018,0.018,0.017,0.017,0.018,0.018,0.018,0.017,0.017,0.016,0.021,0.017,0.034,0.017,0.034,0.043,0.03,0.016,0.025,0.018,0.016,0.054,0.023,0.028,0.018,0.02,0.014,0.013,0.016,0.014,0.013,0.043,0.013,0.027,0.013,0.015,0.013,0.014,0.017,0.018,0.013,0.023,0.013,0.013,0.013,0.014,0.027,0.014,0.013,0.013,0.013,0.025,0.015,0.027,0.015,0.025,0.021,0.028,0.014,0.02,0.027,0.027,0.03,0.014,0.027,0.015,0.028,0.015,0.015,0.016,0.016,0.042,0.016,0.012,0.015,0.015,0.015,0.019,0.028,0.05,0.03,0.027,0.016,0.092,0.054,0.014,0.018,0.015,0.015,0.028,0.016,0.016,0.067,0.014,0.02,0.022,0.169,0.016,0.015,0.017,0.023,0.027,0.029,0.021,0.02,0.018,0.015,0.017,0.022,0.018,0.016,0.024,0.135,0.048,0.016,0.028,0.028,0.016,0.022,0.061,0.057,0.031,0.016,0.017,0.026,0.021,0.017,0.088,0.031,0.018,0.02,0.019,0.017,0.015,0.049741,0.017,0.026,0.028,0.025,0.024,0.026,0.022,0.021,0.03,0.016,0.022,0.024,0.019,0.203,0.021,0.013,0.019,0.016,0.015,0.018,0.016,0.018,0.018,0.027,0.018,0.035,0.03,0.02,0.017,0.03,0.033,0.032,0.019,0.034,0.024,0.025,0.033,0.026,0.03,0.018,0.027,0.023,0.035,0.028,0.016,0.018,0.022,0.042,0.015,0.016,0.016,0.02,0.022,0.017,0.019,0.015,0.015,0.017,0.02,0.019,0.017,0.033,0.026,0.03,0.015,0.022,0.018,0.04,0.026,0.015,0.027,0.017,0.019,0.015,0.03,0.032,0.021,0.017,0.021,0.022,0.023,0.016,0.026,0.294,0.029,0.046,0.018,0.022,0.018,0.027,0.041,0.028,0.016,0.02,0.034,0.018,0.083,0.03,0.045,0.018,0.041,0.022,0.028,0.017,0.02,0.018,0.018,0.018,0.025,0.018,0.019,0.027,0.052,0.079,0.051,0.043,0.046,0.046,0.024,0.045,0.058,0.043,0.047,0.051,0.302,0.054,0.06,0.046,0.043,0.045,0.046,0.143,0.04,0.019575,0.023,0.013,0.021,0.015,0.032,0.016,0.016,0.016,0.016,0.023,0.047,0.019,0.015,0.015,0.025,0.015,0.015,0.015,0.034,0.017,0.016,0.031,0.017,0.017,0.023,0.03,0.015,0.016,0.016,0.022,0.015,0.045,0.017,0.016,0.024,0.016,0.016,0.016,0.022,0.057,0.051,0.025,0.351,0.956,0.026,0.037,0.043,0.027,0.026,0.016,0.016,0.016,0.017,0.058,0.019,0.018,0.029,0.017,0.041,0.015,0.521
0.024,0.016,0.031,0.016,0.017,0.031,0.16,0.047,0.029,0.017,0.016,0.017,0.023,0.017,0.016,0.026,0.028,0.025,0.017,0.028,0.015,0.033,0.028,0.017,0.017,0.016,0.338,0.019,0.025,0.017,0.017,0.029,0.022,0.018,0.034,0.03,0.018,0.018,0.028,0.017,0.018,0.018,0.017,0.016,0.015,0.016,0.017,0.031,0.015,0.046,0.031,0.016,0.016,0.018,0.016,0.017,0.099,0.082,0.023,0.032,0.013,0.013,0.016,0.016,0.013,0.013,0.036,0.013,0.013,0.019,0.018,0.046,0.013,0.013,0.025,0.021,0.013,0.062,0.022,0.013,0.013,0.013,0.013,0.013,0.015,0.014,0.019,0.018,0.019,0.018,0.03,0.015,0.018,0.018,0.018,0.018,0.018,0.018,0.019,0.214,0.016,0.019,0.022,0.019,0.019,0.015,0.063,0.015,0.013,0.024,0.031,0.012,0.029,0.016,0.019,0.02,0.019,0.019,0.052,0.036,0.049,0.032,0.025,0.019,0.023,0.027,0.027,0.071,0.022,0.019,0.019,0.023,0.034,0.075,0.013,0.024,0.024,0.019,0.019,0.021,0.024,0.016,0.024,0.032,0.021,0.015,0.021,0.045,0.047,0.021,0.021,0.02,0.029,0.031,0.05,0.026,0.017,0.025,0.035,0.026,0.031,0.018,0.458,0.021,0.034,0.021,0.022,0.036,0.031,0.13081,0.022,0.026,0.021,0.021,0.021,0.027,0.031,0.021,0.021,0.021,0.032,0.021,0.026,0.145,0.243,0.019,0.013,0.03,0.023,0.033,0.03,0.031,0.026,0.018,0.027,0.018,0.018,0.028,0.025,0.021,0.022,0.034,0.022,0.355,0.018,0.021,0.021,0.021,0.023,0.018,0.024,0.028,0.038,0.019,0.022,0.019,0.019,0.049,0.029,0.021,0.036,0.032,0.021,0.032,0.092,0.029,0.026,0.015,0.026,0.514,0.029,0.404,0.018,0.015,0.015,0.015,0.025,0.05,0.023,0.025,0.021,0.031,0.021,0.024,0.024,0.015,0.029,0.037,0.033,0.021,0.032,0.021,0.019,0.231,0.021,0.031,0.017,0.016,0.017,0.024,0.03,0.021,0.021,0.035,0.02,0.031,0.059,0.017,0.038,0.03,0.021,0.022,0.022,0.018,0.018,0.021,0.021,0.021,0.021,0.021,0.114,0.029,0.021,0.028,0.046,0.022,0.032,0.018,0.015,0.026,0.04,0.021,0.025,0.049,0.056,0.051,0.039,0.051,0.051,0.045,0.044,0.148,0.072,0.028108,0.013,0.055,0.019,0.063,0.077,0.015,0.026,0.027,0.021,0.025,0.047,0.162,0.015,0.057,0.137,0.036,0.024,0.153,0.036,0.024,0.02,0.031,0.146,0.016,0.072,0.018,0.041,0.182,0.015,0.393,0.022,0.032,0.106,0.017,0.173,0.2,0.153,0.2,0.173,0.055,0.031,0.119,0.967,0.981,0.264,0.235,0.043,0.054,0.093,0.057,0.032,0.135,0.031,0.075,0.03,0.032,0.017,0.311,0.146,0.201,0.341
0.023,0.015,0.286,0.454,0.029,0.171,0.596,0.046,0.092,0.017,0.31,0.033,0.015,0.021,0.031,0.063,0.56,0.175,0.261,0.026,0.314,0.095,0.02,0.494,0.508,0.391,0.579,0.361,0.015,0.017,0.353,0.295,0.479,0.342,0.54,0.096,0.031,0.043,0.038,0.039,0.063,0.125,0.082,0.023,0.118,0.208,0.482,0.262,0.252,0.032,0.031,0.252,0.156,0.368,0.308,0.537,0.244,0.034,0.538,0.509,0.5,0.324,0.406,0.015,0.013,0.296,0.018,0.27,0.256,0.532,0.027,0.109,0.266,0.017,0.211,0.271,0.248,0.022,0.021,0.187,0.186,0.238,0.471,0.175,0.267,0.049,0.013,0.013,0.013,0.013,0.013,0.02,0.013,0.013,0.013,0.013,0.013,0.013,0.012,0.256,0.015,0.013,0.026,0.029,0.027,0.248,0.039,0.015,0.272,0.023,0.017,0.013,0.185,0.015,0.013,0.012,0.012,0.013,0.039,0.089,0.016,0.013,0.025,0.013,0.013,0.02,0.08,0.035,0.026,0.013,0.013,0.038,0.014,0.033,0.013,0.015,0.013,0.013,0.022,0.023,0.041,0.026,0.029,0.016,0.026,0.021,0.015,0.049,0.075,0.023,0.015,0.016,0.022,0.015,0.421,0.016,0.018,0.025,0.015,0.015,0.015,0.031,0.174,0.015,0.017,0.024,0.027,0.016,0.016,0.069589,0.028,0.015,0.016,0.019,0.025,0.015,0.021,0.025,0.015,0.03,0.015,0.025,0.078,0.071,0.366,0.024,0.023,0.019,0.026,0.016,0.026,0.017,0.026,0.026,0.023,0.02,0.03,0.015,0.026,0.024,0.018,0.035,0.028,0.069,0.027,0.028,0.016,0.022,0.014,0.031,0.015,0.017,0.028,0.021,0.024,0.028,0.025,0.025,0.016,0.028,0.015,0.015,0.023,0.02,0.13,0.016,0.021,0.026,0.015,0.086,0.017,0.175,0.015,0.105,0.031,0.02,0.026,0.017,0.041,0.02,0.016,0.022,0.029,0.026,0.015,0.015,0.015,0.018,0.015,0.027,0.016,0.031,0.015,0.05,0.014,0.031,0.038,0.07,0.03,0.017,0.049,0.015,0.028,0.015,0.015,0.021,0.043,0.018,0.021,0.024,0.015,0.015,0.017,0.075,0.018,0.031,0.025,0.024,0.016,0.019,0.287,0.019,0.015,0.019,0.071,0.016,0.016,0.031,0.015,0.024,0.015,0.017,0.02,0.015,0.041,0.044,0.015,0.019,0.015,0.025,0.027,0.16,0.049,0.12818,0.036,0.083,0.015,0.059,0.048,0.071,0.393,0.448,0.284,0.466,0.047,0.511,0.028,0.104,0.424,0.103,0.071,0.598,0.095,0.044,0.394,0.525,0.584,0.53,0.59,0.077,0.092,0.455,0.075,0.094,0.041,0.062,0.532,0.074,0.586,0.608,0.608,0.605,0.573,0.054,0.08,0.585,0.639,0.626,0.584,0.579,0.088,0.083,0.596,0.575,0.503,0.558,0.443,0.046,0.016,0.508,0.486,0.587,0.425,0.589,0.134
0.016,0.016,0.382,0.477,0.109,0.475,0.096,0.054,0.066,0.079,0.106,0.064,0.02,0.077,0.1,0.322,0.381,0.451,0.337,0.551,0.575,0.05,0.066,0.385,0.523,0.589,0.36,0.457,0.08,0.076,0.214,0.581,0.387,0.407,0.176,0.05,0.071,0.514,0.547,0.449,0.598,0.438,0.067,0.211,0.443,0.413,0.21,0.304,0.469,0.062,0.103,0.523,0.484,0.327,0.371,0.136,0.557,0.033,0.186,0.199,0.237,0.36,0.227,0.026,0.056,0.411,0.026,0.341,0.354,0.037,0.053,0.49,0.225,0.55,0.401,0.417,0.337,0.016,0.014,0.324,0.32,0.231,0.06,0.294,0.437,0.02,0.012,0.025,0.012,0.025,0.012,0.55,0.179,0.016,0.013,0.013,0.013,0.013,0.013,0.032,0.013,0.013,0.013,0.013,0.015,0.704,0.193,0.021,0.055,0.518,0.016,0.013,0.543,0.407,0.013,0.013,0.013,0.023,0.077,0.05,0.024,0.012,0.012,0.023,0.012,0.013,0.013,0.132,0.012,0.025,0.028,0.491,0.013,0.013,0.028,0.029,0.013,0.02,0.034,0.024,0.112,0.032,0.016,0.016,0.022,0.025,0.031,0.054,0.094,0.022,0.02,0.02,0.015,0.016,0.126,0.017,0.04,0.015,0.015,0.015,0.015,0.068,0.075,0.028,0.015,0.02,0.017,0.015,0.022,0.052132,0.015,0.022,0.03,0.027,0.021,0.031,0.064,0.021,0.029,0.015,0.018,0.019,0.018,0.068,0.183,0.015,0.018,0.037,0.356,0.263,0.038,0.022,0.016,0.023,0.019,0.031,0.049,0.016,0.016,0.022,0.029,0.049,0.017,0.043,0.023,0.018,0.03,0.023,0.028,0.074,0.026,0.036,0.029,0.019,0.012,0.014,0.016,0.021,0.181,0.016,0.015,0.018,0.023,0.015,0.119,0.02,0.027,0.021,0.041,0.018,0.202,0.071,0.024,0.066,0.014,0.034,0.016,0.026,0.053,0.086,0.029,0.015,0.017,0.015,0.025,0.03,0.018,0.015,0.019,0.019,0.014,0.015,0.056,0.079,0.03,0.042,0.067,0.035,0.048,0.017,0.07,0.014,0.019,0.015,0.015,0.015,0.133,0.084,0.015,0.015,0.015,0.015,0.015,0.054,0.034,0.017,0.024,0.022,0.029,0.027,0.374,0.028,0.015,0.019,0.018,0.019,0.029,0.026,0.019,0.017,0.015,0.029,0.026,0.015,0.066,0.068,0.02,0.015,0.016,0.02,0.016,0.18,0.051,0.091699,0.069,0.028,0.076,0.058,0.04,0.05,0.127,0.225,0.18,0.056,0.051,0.208,0.081,0.055,0.058,0.071,0.085,0.067,0.047,0.084,0.21,0.082,0.073,0.252,0.215,0.05,0.047,0.046,0.059,0.046,0.079,0.074,0.346,0.049,0.107,0.044,0.164,0.191,0.309,0.053,0.056,0.073,0.241,0.314,0.403,0.179,0.057,0.068,0.306,0.355,0.415,0.299,0.595,0.045,0.074,0.331,0.454,0.192,0.043,0.243,0.56
0.017,0.029,0.046,0.06,0.08,0.048,0.454,0.371,0.063,0.067,0.051,0.082,0.1,0.1,0.062,0.315,0.161,0.046,0.052,0.209,0.053,0.044,0.076,0.046,0.058,0.064,0.06,0.047,0.046,0.066,0.069,0.092,0.158,0.142,0.125,0.049,0.067,0.221,0.137,0.189,0.083,0.075,0.049,0.066,0.055,0.063,0.05,0.046,0.058,0.062,0.075,0.03,0.079,0.019,0.026,0.018,0.467,0.033,0.015,0.015,0.016,0.056,0.018,0.205,0.029,0.031,0.013,0.031,0.015,0.031,0.416,0.315,0.015,0.058,0.015,0.016,0.016,0.015,0.049,0.016,0.03,0.019,0.017,0.02,0.133,0.028,0.013,0.018,0.014,0.019,0.014,0.48,0.013,0.027,0.012,0.013,0.013,0.013,0.156,0.028,0.027,0.017,0.013,0.013,0.012,0.306,0.388,0.359,0.026,0.441,0.292,0.466,0.033,0.031,0.02,0.013,0.013,0.02,0.043,0.242,0.096,0.013,0.013,0.02,0.017,0.013,0.013,0.21,0.013,0.016,0.013,0.069,0.016,0.019,0.233,0.013,0.023,0.028,0.013,0.016,0.034,0.036,0.015,0.023,0.016,0.017,0.015,0.142,0.027,0.015,0.025,0.026,0.015,0.026,0.038,0.028,0.086,0.015,0.025,0.029,0.022,0.016,0.081,0.016,0.023,0.015,0.015,0.028,0.031,0.041132,0.018,0.023,0.015,0.015,0.015,0.028,0.044,0.015,0.017,0.015,0.029,0.015,0.028,0.077,0.138,0.083,0.107,0.048,0.17,0.222,0.053,0.029,0.023,0.021,0.042,0.015,0.041,0.03,0.018,0.015,0.016,0.036,0.015,0.065,0.015,0.015,0.015,0.015,0.017,0.028,0.17,0.05,0.076,0.013,0.021,0.013,0.013,0.02,0.075,0.015,0.03,0.027,0.015,0.024,0.114,0.038,0.045,0.015,0.315,0.035,0.416,0.062,0.022,0.02,0.02,0.015,0.019,0.021,0.038,0.165,0.015,0.021,0.015,0.016,0.02,0.028,0.031,0.03,0.028,0.016,0.033,0.015,0.08,0.098,0.016,0.038,0.021,0.021,0.063,0.087,0.035,0.03,0.015,0.015,0.019,0.015,0.115,0.5,0.015,0.015,0.023,0.028,0.015,0.016,0.029,0.015,0.015,0.015,0.016,0.015,0.102,0.417,0.031,0.019,0.02,0.027,0.018,0.021,0.027,0.021,0.026,0.016,0.015,0.023,0.091,0.095,0.027,0.016,0.022,0.015,0.015,0.523,0.036,0.057517,0.02,0.015,0.058,0.046,0.034,0.022,0.032,0.028,0.037,0.032,0.186,0.094,0.047,0.053,0.031,0.04,0.042,0.037,0.048,0.048,0.042,0.033,0.047,0.039,0.039,0.048,0.047,0.046,0.057,0.046,0.046,0.066,0.118,0.05,0.047,0.046,0.048,0.049,0.049,0.652,0.055,0.061,0.056,0.059,0.064,0.056,0.057,0.069,0.056,0.046,0.048,0.045,0.147,0.046,0.048,0.046,0.045,0.046,0.018,0.046,0.125
0.076,0.089,0.034,0.041,0.067,0.034,0.4,0.579,0.064,0.07,0.132,0.065,0.048,0.096,0.063,0.257,0.12,0.031,0.034,0.047,0.048,0.045,0.068,0.041,0.043,0.045,0.046,0.031,0.045,0.048,0.068,0.043,0.128,0.052,0.113,0.044,0.061,0.05,0.041,0.068,0.049,0.049,0.048,0.064,0.036,0.031,0.033,0.034,0.034,0.037,0.062,0.031,0.022,0.028,0.034,0.032,0.158,0.429,0.018,0.019,0.033,0.037,0.039,0.305,0.016,0.026,0.012,0.021,0.026,0.021,0.368,0.043,0.019,0.014,0.025,0.02,0.034,0.062,0.017,0.019,0.018,0.033,0.019,0.019,0.044,0.015,0.028,0.013,0.028,0.013,0.013,0.327,0.037,0.015,0.015,0.023,0.013,0.017,0.31,0.03,0.017,0.025,0.014,0.013,0.013,0.054,0.013,0.167,0.033,0.04,0.31,0.207,0.042,0.029,0.023,0.024,0.026,0.014,0.054,0.076,0.219,0.016,0.013,0.013,0.025,0.019,0.032,0.192,0.014,0.013,0.013,0.04,0.025,0.026,0.286,0.013,0.02,0.013,0.012,0.015,0.032,0.036,0.027,0.023,0.015,0.016,0.015,0.211,0.046,0.015,0.015,0.015,0.026,0.02,0.059,0.015,0.02,0.029,0.02,0.015,0.024,0.024,0.056,0.015,0.022,0.022,0.027,0.017,0.021,0.036588,0.027,0.016,0.015,0.017,0.026,0.015,0.036,0.023,0.015,0.03,0.015,0.028,0.021,0.085,0.099,0.044,0.068,0.033,0.062,0.04,0.037,0.02,0.029,0.03,0.045,0.026,0.036,0.015,0.027,0.026,0.02,0.032,0.029,0.052,0.278,0.03,0.017,0.022,0.016,0.025,0.038,0.039,0.012,0.022,0.02,0.029,0.028,0.024,0.025,0.026,0.015,0.015,0.022,0.023,0.129,0.022,0.033,0.03,0.326,0.015,0.038,0.578,0.016,0.021,0.054,0.014,0.028,0.015,0.027,0.237,0.015,0.026,0.027,0.03,0.015,0.016,0.056,0.018,0.015,0.029,0.016,0.03,0.018,0.061,0.015,0.032,0.02,0.021,0.019,0.025,0.036,0.018,0.014,0.026,0.027,0.026,0.032,0.239,0.024,0.015,0.024,0.02,0.023,0.018,0.066,0.015,0.015,0.015,0.015,0.016,0.049,0.314,0.015,0.036,0.026,0.015,0.015,0.015,0.015,0.022,0.02,0.015,0.016,0.023,0.122,0.234,0.015,0.03,0.023,0.015,0.026,0.288,0.073,0.035167,0.015,0.022,0.037,0.04,0.017,0.019,0.021,0.021,0.021,0.035,0.181,0.077,0.047,0.028,0.022,0.021,0.022,0.027,0.047,0.047,0.022,0.037,0.022,0.027,0.022,0.06,0.021,0.039,0.049,0.036,0.045,0.08,0.07,0.06,0.035,0.032,0.039,0.032,0.036,1.177,0.067,0.039,0.043,0.048,0.051,0.048,0.057,0.056,0.044,0.03,0.038,0.04,0.079,0.128,0.055,0.05,0.057,0.043,0.021,0.042,0.06
0.063,0.046,0.026,0.016,0.068,0.02,0.063,0.167,0.068,0.078,0.428,0.064,0.05,0.096,0.063,0.585,0.136,0.03,0.015,0.04,0.035,0.141,0.079,0.015,0.016,0.017,0.016,0.016,0.054,0.045,0.054,0.031,0.121,0.033,0.108,0.56,0.067,0.04,0.025,0.063,0.03,0.05,0.123,0.038,0.015,0.016,0.017,0.016,0.015,0.067,0.061,0.015,0.021,0.029,0.015,0.025,0.163,1.012,0.02,0.013,0.018,0.013,0.019,0.013,0.015,0.019,0.013,0.013,0.025,0.013,0.099,0.051,0.023,0.019,0.024,0.014,0.024,0.36,0.022,0.013,0.013,0.012,0.013,0.013,0.155,0.055,0.016,0.012,0.015,0.013,0.013,0.063,0.049,0.013,0.028,0.02,0.029,0.027,0.479,0.02,0.013,0.013,0.019,0.018,0.017,0.044,0.029,0.013,0.033,0.019,0.034,0.019,0.045,0.035,0.013,0.02,0.019,0.013,0.076,0.024,0.013,0.027,0.02,0.013,0.013,0.023,0.052,0.493,0.028,0.013,0.02,0.036,0.012,0.041,0.123,0.021,0.013,0.016,0.027,0.031,0.378,0.051,0.02,0.016,0.026,0.033,0.021,0.076,0.037,0.027,0.015,0.015,0.02,0.015,0.053,0.019,0.074,0.015,0.015,0.016,0.015,0.026,0.048,0.025,0.015,0.023,0.017,0.015,0.037,0.037066,0.015,0.02,0.028,0.029,0.02,0.022,0.043,0.022,0.025,0.015,0.015,0.017,0.04,0.035,0.236,0.028,0.038,0.022,0.144,0.048,0.037,0.027,0.015,0.021,0.036,0.027,0.047,0.037,0.015,0.02,0.028,0.052,0.015,0.043,0.246,0.016,0.028,0.024,0.027,0.015,0.03,0.043,0.028,0.018,0.013,0.013,0.013,0.021,0.02,0.019,0.016,0.017,0.024,0.015,0.127,0.047,0.038,0.023,0.048,0.015,0.066,0.197,0.018,0.02,0.026,0.037,0.015,0.117,0.364,0.15,0.03,0.015,0.019,0.015,0.023,0.026,0.491,0.016,0.017,0.016,0.015,0.016,0.019,0.042,0.024,0.036,0.036,0.053,0.026,0.034,0.046,0.015,0.025,0.02,0.015,0.02,0.043,0.052,0.022,0.029,0.015,0.015,0.026,0.028,0.03,0.026,0.016,0.025,0.016,0.023,0.051,0.06,0.015,0.016,0.016,0.016,0.015,0.027,0.015,0.015,0.015,0.019,0.018,0.016,0.023,0.415,0.015,0.016,0.016,0.031,0.02,0.074,0.126,0.027937,0.016,0.023,0.014,0.021,0.237,0.019,0.031,0.015,0.015,0.02,0.016,0.118,0.046,0.017,0.015,0.024,0.024,0.027,0.19,0.043,0.016,0.022,0.015,0.016,0.03,0.055,0.139,0.018,0.03,0.027,0.057,0.274,0.076,0.039,0.024,0.015,0.02,0.015,0.016,0.698,0.06,0.025,0.026,0.026,0.027,0.025,0.38,0.056,0.026,0.015,0.024,0.015,0.063,0.301,0.06,0.021,0.024,0.015,0.049,0.017,0.037
0.046,0.325,0.025,0.016,0.397,0.031,0.066,0.052,0.236,0.199,0.473,0.057,0.044,0.4,0.038,0.142,0.152,0.019,0.017,0.026,0.016,0.328,0.346,0.025,0.015,0.017,0.015,0.015,0.048,0.531,0.061,0.017,0.061,0.018,0.058,0.039,0.156,0.041,0.027,0.043,0.028,0.066,0.395,0.023,0.016,0.015,0.017,0.029,0.015,0.339,0.038,0.021,0.016,0.015,0.015,0.015,0.235,0.445,0.026,0.022,0.013,0.013,0.013,0.014,0.016,0.013,0.013,0.014,0.013,0.012,0.042,0.37,0.018,0.013,0.012,0.028,0.012,0.029,0.026,0.021,0.013,0.013,0.013,0.013,0.277,0.278,0.013,0.013,0.013,0.013,0.019,0.08,0.042,0.012,0.015,0.013,0.016,0.013,0.378,0.012,0.013,0.013,0.024,0.025,0.025,0.066,0.025,0.013,0.034,0.025,0.013,0.013,0.035,0.034,0.013,0.013,0.013,0.013,0.026,0.078,0.013,0.012,0.023,0.015,0.013,0.012,0.481,0.2,0.013,0.027,0.021,0.049,0.013,0.033,0.077,0.02,0.013,0.099,0.016,0.016,0.207,0.041,0.016,0.016,0.024,0.082,0.024,0.044,0.021,0.019,0.021,0.023,0.016,0.016,0.054,0.054,0.237,0.015,0.019,0.022,0.015,0.034,0.03,0.02,0.018,0.015,0.016,0.027,0.027,0.034914,0.02,0.026,0.018,0.015,0.016,0.025,0.047,0.015,0.021,0.016,0.031,0.015,0.336,0.038,0.071,0.022,0.013,0.038,0.047,0.068,0.05,0.025,0.027,0.016,0.042,0.015,0.043,0.039,0.017,0.015,0.015,0.035,0.015,0.018,0.43,0.015,0.016,0.015,0.019,0.03,0.024,0.045,0.019,0.013,0.024,0.014,0.013,0.033,0.03,0.015,0.028,0.028,0.015,0.02,0.117,0.058,0.042,0.015,0.047,0.053,0.05,0.239,0.028,0.025,0.023,0.017,0.024,0.063,0.107,0.021,0.015,0.016,0.015,0.015,0.023,0.026,0.391,0.027,0.03,0.016,0.025,0.015,0.033,0.045,0.022,0.038,0.036,0.049,0.021,0.042,0.035,0.014,0.022,0.015,0.015,0.015,0.056,0.067,0.016,0.018,0.015,0.015,0.016,0.057,0.041,0.021,0.032,0.022,0.031,0.022,0.057,0.05,0.017,0.016,0.016,0.015,0.026,0.019,0.016,0.028,0.016,0.027,0.028,0.015,0.044,0.136,0.025,0.015,0.015,0.016,0.015,0.132,0.038,0.022678,0.027,0.11,0.106,0.109,0.375,0.019,0.015,0.015,0.018,0.015,0.057,0.054,0.05,0.017,0.021,0.025,0.024,0.015,0.452,0.023,0.028,0.015,0.016,0.019,0.019,0.029,0.408,0.029,0.469,0.026,0.051,0.187,0.487,0.547,0.016,0.017,0.015,0.016,0.015,0.302,0.054,0.024,0.027,0.034,0.026,0.025,0.311,0.738,0.025,0.016,0.028,0.016,0.039,0.016,0.046,0.016,0.015,0.028,0.022,0.032,0.015
0.045,0.036,0.016,0.017,0.435,0.02,0.051,0.076,0.841,0.599,0.418,0.621,0.037,0.562,0.036,0.078,0.14,0.017,0.016,0.015,0.016,0.036,0.025,0.023,0.015,0.017,0.016,0.016,0.575,0.021,0.084,0.016,0.081,0.017,0.069,0.019,0.486,0.05,0.017,0.042,0.026,0.077,0.035,0.043,0.028,0.015,0.026,0.019,0.016,0.018,0.043,0.016,0.015,0.016,0.015,0.029,0.659,0.113,0.014,0.023,0.013,0.013,0.013,0.019,0.558,0.012,0.012,0.012,0.012,0.014,0.052,0.082,0.013,0.02,0.013,0.013,0.013,0.013,0.015,0.022,0.015,0.013,0.022,0.019,0.045,0.045,0.013,0.022,0.012,0.014,0.025,0.081,0.045,0.013,0.013,0.012,0.013,0.013,0.058,0.019,0.013,0.013,0.013,0.013,0.013,0.047,0.018,0.012,0.046,0.019,0.014,0.021,0.035,0.04,0.013,0.013,0.013,0.018,0.06,0.116,0.02,0.013,0.013,0.028,0.013,0.014,0.274,0.068,0.013,0.015,0.013,0.033,0.021,0.032,0.073,0.013,0.023,0.121,0.013,0.016,0.053,0.04,0.018,0.028,0.017,0.105,0.016,0.052,0.028,0.015,0.025,0.023,0.015,0.029,0.048,0.039,0.165,0.025,0.026,0.023,0.029,0.039,0.041,0.015,0.027,0.019,0.027,0.018,0.027,0.035392,0.026,0.015,0.015,0.015,0.025,0.023,0.038,0.022,0.015,0.03,0.016,0.029,0.164,0.047,0.107,0.038,0.025,0.022,0.047,0.049,0.039,0.015,0.023,0.031,0.047,0.027,0.039,0.036,0.028,0.03,0.021,0.039,0.029,0.048,0.424,0.031,0.017,0.02,0.014,0.032,0.04,0.065,0.012,0.023,0.017,0.029,0.029,0.024,0.036,0.022,0.017,0.015,0.02,0.026,0.084,0.045,0.057,0.021,0.04,0.048,0.046,0.254,0.015,0.015,0.032,0.032,0.036,0.021,0.065,0.036,0.015,0.031,0.024,0.03,0.015,0.024,0.073,0.022,0.015,0.03,0.024,0.027,0.018,0.036,0.015,0.015,0.037,0.04,0.023,0.044,0.031,0.022,0.015,0.015,0.016,0.015,0.042,0.045,0.015,0.015,0.015,0.015,0.016,0.038,0.027,0.015,0.017,0.015,0.015,0.016,0.047,0.141,0.03,0.015,0.022,0.031,0.02,0.015,0.03,0.015,0.024,0.016,0.016,0.026,0.036,0.062,0.021,0.021,0.027,0.016,0.018,0.087,0.033,0.030895,0.014,0.021,0.046,0.027,0.039,0.351,0.015,0.025,0.03,0.015,0.065,0.03,0.147,0.019,0.026,0.015,0.016,0.015,0.029,0.437,0.022,0.016,0.015,0.031,0.016,0.49,0.03,0.022,0.035,0.017,0.314,0.031,0.214,0.123,0.017,0.03,0.015,0.016,0.023,0.061,0.243,0.025,0.026,0.041,0.026,0.026,0.033,0.64,0.026,0.024,0.015,0.029,0.028,0.016,0.04,0.015,0.016,0.022,0.018,0.018,0.042
0.231,0.236,0.243,0.231,0.245,0.219,0.247,0.267,0.758,0.228,0.403,0.368,0.639,0.248,0.247,0.707,0.337,0.227,0.248,0.232,0.22,0.219,0.225,0.222,0.217,0.232,0.219,0.234,0.274,0.244,0.28,0.233,0.28,0.248,0.266,0.223,0.309,0.27,0.227,0.297,0.23,0.277,0.235,0.261,0.254,0.253,0.247,0.239,0.243,0.016,0.373,0.019,0.016,0.016,0.015,0.015,0.304,0.043,0.012,0.013,0.013,0.013,0.013,0.029,0.086,0.014,0.027,0.013,0.013,0.013,0.457,0.074,0.013,0.022,0.013,0.013,0.022,0.018,0.382,0.013,0.028,0.012,0.022,0.025,0.026,0.045,0.012,0.022,0.013,0.028,0.013,0.066,0.063,0.013,0.012,0.013,0.013,0.013,0.049,0.013,0.013,0.017,0.013,0.013,0.013,0.023,0.018,0.032,0.044,0.013,0.013,0.032,0.036,0.045,0.024,0.013,0.013,0.025,0.088,0.044,0.055,0.013,0.013,0.013,0.025,0.015,0.048,0.076,0.013,0.013,0.013,0.033,0.02,0.015,0.069,0.013,0.019,0.093,0.021,0.025,0.062,0.043,0.029,0.02,0.018,0.111,0.015,0.02,0.017,0.015,0.016,0.015,0.027,0.016,0.04,0.039,0.152,0.019,0.015,0.015,0.017,0.04,0.043,0.022,0.015,0.026,0.018,0.015,0.034,0.033957,0.015,0.017,0.024,0.031,0.02,0.053,0.043,0.024,0.02,0.016,0.016,0.016,0.067,0.026,0.022,0.021,0.015,0.031,0.033,0.033,0.027,0.032,0.021,0.039,0.037,0.032,0.058,0.051,0.015,0.017,0.026,0.044,0.016,0.039,0.139,0.016,0.029,0.025,0.026,0.015,0.054,0.123,0.022,0.018,0.013,0.013,0.013,0.019,0.04,0.023,0.015,0.015,0.026,0.015,0.028,0.052,0.197,0.026,0.049,0.047,0.038,0.656,0.014,0.015,0.045,0.025,0.023,0.033,0.091,0.044,0.026,0.015,0.022,0.016,0.02,0.027,0.086,0.015,0.016,0.016,0.015,0.019,0.05,0.033,0.018,0.016,0.052,0.043,0.043,0.039,0.034,0.026,0.015,0.018,0.028,0.026,0.038,0.042,0.023,0.016,0.027,0.026,0.015,0.048,0.033,0.015,0.015,0.016,0.016,0.015,0.022,0.085,0.016,0.027,0.025,0.016,0.016,0.015,0.015,0.022,0.022,0.015,0.016,0.02,0.039,0.053,0.015,0.025,0.018,0.02,0.028,0.101,0.042,0.022021,0.028,0.026,0.026,0.021,0.039,0.037,0.015,0.022,0.015,0.016,0.066,0.022,0.478,0.031,0.015,0.015,0.015,0.015,0.017,0.643,0.016,0.015,0.024,0.016,0.015,0.021,0.024,0.027,0.035,0.018,0.156,0.033,0.03,0.016,0.016,0.022,0.015,0.016,0.031,0.059,0.227,0.033,0.037,0.027,0.027,0.027,0.026,0.072,0.026,0.027,0.016,0.02,0.016,0.024,0.428,0.019,0.017,0.016,0.018,0.016,0.025
0.459,0.472,0.446,0.452,0.466,0.453,0.501,0.495,0.695,0.467,0.51,0.451,0.666,0.478,0.927,0.663,0.564,0.456,0.458,0.451,0.449,0.445,0.471,0.453,0.469,0.463,0.454,0.458,0.45,0.456,0.496,0.464,0.501,0.466,0.489,0.438,0.466,0.483,0.449,0.513,0.459,0.494,0.459,0.792,0.463,0.469,0.456,0.459,0.473,0.258,0.401,0.275,0.268,0.254,0.239,0.251,0.304,0.286,0.244,0.232,0.235,0.24,0.235,0.248,0.287,0.242,0.24,0.249,0.242,0.248,0.259,0.299,0.246,0.244,0.256,0.25,0.253,0.237,0.639,0.249,0.239,0.252,0.246,0.243,0.259,0.257,0.263,0.251,0.253,0.246,0.241,0.668,0.285,0.242,0.231,0.242,0.248,0.255,0.303,0.25,0.263,0.254,0.242,0.247,0.243,0.263,0.262,0.245,0.262,0.235,0.229,0.256,0.259,0.257,0.258,0.262,0.261,0.26,0.261,0.34,0.281,0.251,0.24,0.252,0.246,0.253,0.267,0.281,0.262,0.251,0.261,0.279,0.239,0.244,0.291,0.265,0.241,0.447,0.258,0.262,0.274,0.277,0.241,0.239,0.255,0.355,0.249,0.256,0.247,0.258,0.235,0.245,0.243,0.244,0.23,0.242,0.331,0.221,0.234,0.241,0.244,0.252,0.26,0.259,0.245,0.24,0.236,0.246,0.238,0.24536,0.236,0.234,0.225,0.235,0.234,0.253,0.271,0.222,0.235,0.227,0.258,0.237,0.263,0.244,0.236,0.224,0.242,0.257,0.247,0.263,0.275,0.246,0.27,0.26,0.261,0.235,0.264,0.241,0.239,0.219,0.234,0.245,0.218,0.242,0.394,0.222,0.226,0.245,0.23,0.238,0.259,0.318,0.245,0.238,0.257,0.229,0.241,0.251,0.249,0.24,0.251,0.266,0.248,0.243,0.266,0.271,0.423,0.244,0.235,0.28,0.252,0.609,0.234,0.238,0.26,0.236,0.248,0.242,0.278,0.263,0.242,0.242,0.232,0.231,0.247,0.242,0.315,0.237,0.245,0.242,0.235,0.224,0.254,0.267,0.245,0.245,0.256,0.268,0.25,0.259,0.262,0.239,0.236,0.259,0.243,0.245,0.233,0.242,0.249,0.233,0.237,0.238,0.233,0.261,0.253,0.253,0.24,0.249,0.231,0.248,0.266,0.277,0.247,0.244,0.246,0.242,0.231,0.243,0.243,0.248,0.247,0.257,0.25,0.244,0.269,0.277,0.235,0.239,0.229,0.242,0.237,0.32,0.246,0.023335,0.255,0.235,0.246,0.263,0.251,0.256,0.248,0.247,0.233,0.243,0.275,0.244,0.387,0.235,0.231,0.225,0.235,0.243,0.236,0.631,0.237,0.236,0.223,0.221,0.224,0.223,0.24,0.234,0.232,0.219,0.227,0.248,0.23,0.236,0.231,0.214,0.212,0.231,0.236,0.273,0.272,0.256,0.24,0.218,0.233,0.227,0.236,0.28,0.263,0.234,0.238,0.233,0.221,0.587,0.627,0.254,0.232,0.235,0.261,0.244,0.256
1.214,0.578,0.444,0.451,0.511,0.456,0.516,0.486,0.524,0.449,0.585,0.64,0.474,0.466,0.633,0.483,0.517,0.468,0.458,0.456,0.455,0.472,0.492,0.451,0.46,0.457,0.464,0.447,0.449,0.46,0.491,0.467,0.501,0.459,0.483,0.552,0.488,0.468,0.46,0.499,0.458,0.497,0.461,0.921,0.464,0.464,0.461,0.46,0.457,0.723,0.496,0.454,0.479,0.466,0.471,0.476,0.774,0.601,0.465,0.462,0.474,0.467,0.465,0.517,0.495,0.469,0.458,0.477,0.46,0.464,0.74,0.512,0.461,0.454,0.468,0.452,0.457,0.592,0.491,0.453,0.459,0.466,0.461,0.451,0.463,0.461,0.467,0.453,0.467,0.443,0.45,1.172,0.495,0.463,0.451,0.475,0.45,0.459,0.506,0.483,0.46,0.456,0.461,0.474,0.464,0.447,0.463,0.44,0.596,0.464,0.474,0.481,0.473,0.473,0.459,0.472,0.467,0.456,0.496,0.512,0.475,0.468,0.472,0.469,0.448,0.462,0.484,0.5,0.458,0.48,0.462,0.485,0.45,0.456,0.482,0.455,0.456,0.512,0.461,0.461,0.474,0.474,0.46,0.454,0.466,0.623,0.453,0.475,0.468,0.461,0.465,0.467,0.466,0.47,0.454,0.436,0.477,0.445,0.463,0.48,0.485,0.455,0.652,0.463,0.483,0.469,0.469,0.467,0.487,0.48546,0.477,0.463,0.469,0.469,0.47,0.481,0.475,0.464,0.463,0.464,0.467,0.467,0.495,0.47,0.471,0.47,0.475,0.456,0.475,0.453,0.488,0.473,0.477,0.49,0.484,0.478,0.479,0.459,0.477,0.479,0.467,0.478,0.464,0.456,0.505,0.469,0.461,0.46,0.458,0.464,0.463,0.448,0.457,0.47,0.471,0.466,0.476,0.456,0.471,0.471,0.469,0.467,0.468,0.484,0.471,0.484,1.02,0.47,0.451,0.493,0.498,0.52,0.452,0.465,0.514,0.482,0.49,0.496,0.684,0.489,0.472,0.487,0.452,0.471,0.461,0.48,0.517,0.455,0.465,0.478,0.483,0.463,0.475,0.48,0.465,0.458,0.475,0.484,0.48,0.49,0.463,0.464,0.465,0.456,0.467,0.463,0.465,0.474,0.459,0.462,0.467,0.457,0.477,0.487,0.479,0.463,0.465,0.456,0.464,0.467,0.638,0.481,0.462,0.45,0.455,0.45,0.464,0.46,0.449,0.456,0.456,0.475,0.464,0.455,0.49,0.481,0.469,0.448,0.458,0.467,0.455,0.51,0.466,0.029909,0.477,0.587,0.457,0.472,0.473,0.487,0.46,0.464,0.453,0.466,0.5,0.452,0.498,0.464,0.464,0.461,0.467,0.473,0.452,0.57,0.458,0.475,0.443,0.458,0.464,0.471,0.469,0.466,0.466,0.493,0.498,0.462,0.674,0.511,0.47,0.461,0.456,0.474,0.468,0.598,0.5,0.451,0.453,0.466,0.47,0.452,0.472,0.501,0.461,0.453,0.464,0.457,0.456,0.91,0.493,0.449,0.455,0.454,0.458,0.453,0.503
0.967,0.79,0.458,0.444,0.487,0.456,0.657,0.481,0.505,0.467,0.574,0.708,0.487,0.463,0.386,0.374,0.5,0.46,0.461,0.465,0.466,0.624,0.477,0.457,0.451,0.452,0.46,0.453,0.462,0.427,0.48,0.305,0.506,0.464,0.472,0.646,0.469,0.456,0.469,0.232,0.466,0.508,0.15,0.535,0.463,0.467,0.457,0.471,0.459,0.586,0.475,0.459,0.467,0.465,0.469,0.484,1.022,0.774,0.46,0.46,0.479,0.479,0.478,0.492,0.499,0.464,0.462,0.462,0.464,0.461,1.048,0.517,0.452,0.458,0.456,0.464,0.47,0.48,0.505,0.455,0.445,0.463,0.449,0.453,0.466,0.453,0.46,0.455,0.459,0.451,0.447,1.005,0.501,0.45,0.462,0.456,0.458,0.47,0.538,0.476,0.456,0.462,0.464,0.467,0.461,0.454,0.46,0.446,0.62,0.477,0.457,0.469,0.456,0.462,0.461,0.459,0.45,0.459,0.505,0.498,0.473,0.454,0.47,0.475,0.452,0.461,0.477,0.485,0.462,0.455,0.452,0.509,0.467,0.449,0.47,0.454,0.47,0.457,0.463,0.457,0.481,0.478,0.473,0.473,0.453,0.502,0.449,0.479,0.481,0.462,0.469,0.461,0.465,0.46,0.46,0.432,0.47,0.45,0.447,0.455,0.471,0.467,0.898,0.38,0.472,0.478,0.463,0.463,0.448,0.54739,0.458,0.458,0.474,0.47,0.471,0.474,0.247,0.384,0.463,0.452,0.461,0.448,0.515,0.452,0.465,0.448,0.461,0.457,0.462,0.451,0.648,0.465,0.474,0.482,0.477,0.482,0.484,0.47,0.465,0.462,0.474,0.483,0.448,0.45,0.641,0.461,0.466,0.465,0.462,0.446,0.457,0.452,0.471,0.457,0.455,0.454,0.462,0.456,0.368,0.317,0.467,0.469,0.474,0.472,0.482,0.485,0.878,0.369,0.467,0.484,0.475,0.812,0.45,0.46,0.496,0.479,0.473,0.505,0.648,0.471,0.42,0.473,0.47,0.464,0.466,0.468,0.519,0.282,0.46,0.462,0.464,0.459,0.48,0.472,0.463,0.465,0.487,0.48,0.49,0.472,0.457,0.462,0.456,0.464,0.461,0.464,0.461,0.462,0.463,0.461,0.466,0.456,0.468,0.476,0.468,0.455,0.463,0.451,0.453,0.466,0.969,0.481,0.466,0.456,0.459,0.462,0.47,0.446,0.467,0.462,0.465,0.461,0.447,0.464,0.479,0.441,0.456,0.462,0.472,0.453,0.459,0.531,0.466,0.026622,0.467,0.589,0.465,0.478,0.479,0.49,0.458,0.464,0.462,0.459,0.508,0.46,0.514,0.453,0.473,0.468,0.468,0.463,0.472,0.487,0.459,0.455,0.452,0.455,0.455,0.522,0.468,0.469,0.467,0.507,0.491,0.468,0.964,0.55,0.468,0.459,0.464,0.454,0.464,0.643,0.488,0.453,0.452,0.465,0.475,0.464,0.48,0.518,0.458,0.458,0.473,0.456,0.446,1.058,0.471,0.446,0.454,0.451,0.462,0.464,0.471
0.581,0.515,0.457,0.449,0.473,0.462,0.537,0.481,0.504,0.142,0.546,0.566,0.478,0.353,0.057,0.055,0.396,0.276,0.456,0.468,0.166,0.373,0.105,0.296,0.351,0.182,0.447,0.331,0.333,0.143,0.051,0.017,0.262,0.463,0.094,0.163,0.49,0.46,0.457,0.057,0.475,0.433,0.025,0.094,0.469,0.446,0.046,0.47,0.462,0.408,0.497,0.193,0.462,0.47,0.465,0.526,0.652,0.671,0.466,0.458,0.468,0.467,0.473,0.495,0.495,0.451,0.46,0.46,0.461,0.465,0.564,0.443,0.452,0.471,0.449,0.454,0.461,0.469,0.487,0.472,0.451,0.466,0.45,0.456,0.474,0.311,0.233,0.461,0.462,0.457,0.451,0.657,0.487,0.447,0.466,0.454,0.459,0.453,0.682,0.468,0.183,0.465,0.451,0.455,0.455,0.468,0.467,0.444,0.452,0.476,0.183,0.475,0.469,0.471,0.454,0.452,0.451,0.463,0.472,0.557,0.243,0.454,0.457,0.432,0.453,0.453,0.463,0.442,0.039,0.453,0.285,0.517,0.46,0.464,0.462,0.174,0.454,0.329,0.479,0.175,0.672,0.426,0.109,0.453,0.448,0.466,0.198,0.472,0.458,0.166,0.471,0.454,0.477,0.446,0.461,0.43,0.077,0.135,0.447,0.45,0.467,0.064,0.539,0.028,0.276,0.326,0.368,0.476,0.051,0.44313,0.15,0.208,0.45,0.461,0.058,0.271,0.05,0.016,0.081,0.308,0.472,0.224,0.397,0.639,0.69,0.444,0.419,0.448,0.463,0.466,0.521,0.042,0.231,0.149,0.482,0.213,0.845,0.234,0.469,0.039,0.465,0.121,0.047,0.424,0.532,0.453,0.176,0.219,0.456,0.274,0.422,0.45,0.13,0.454,0.07,0.45,0.042,0.491,0.04,0.016,0.242,0.241,0.46,0.116,0.529,0.26,0.328,0.023,0.188,0.089,0.184,0.408,0.071,0.231,0.336,0.502,0.474,0.142,0.559,0.414,0.025,0.119,0.316,0.462,0.449,0.107,0.521,0.019,0.232,0.3,0.465,0.27,0.472,0.514,0.083,0.289,0.401,0.472,0.359,0.478,0.397,0.031,0.354,0.456,0.456,0.426,0.446,0.441,0.469,0.378,0.459,0.459,0.466,0.487,0.165,0.248,0.459,0.459,0.457,0.465,0.423,0.471,0.049,0.46,0.469,0.248,0.459,0.447,0.28,0.116,0.457,0.418,0.451,0.431,0.67,0.461,0.181,0.457,0.436,0.463,0.399,0.469,0.478,0.022349,0.471,0.248,0.156,0.748,0.494,0.157,0.381,0.469,0.465,0.466,0.492,0.219,0.502,0.323,0.463,0.454,0.461,0.454,0.552,0.382,0.463,0.457,0.452,0.467,0.452,0.547,0.49,0.473,0.486,0.31,0.486,0.471,0.544,0.493,0.457,0.461,0.476,0.46,0.45,0.937,0.492,0.452,0.459,0.466,0.465,0.463,0.638,0.504,0.457,0.455,0.467,0.467,0.452,0.974,0.462,0.447,0.458,0.464,0.477,0.447,0.452
0.359,0.093,0.462,0.093,0.06,0.469,0.577,0.202,0.741,0.017,0.1,0.242,0.479,0.413,0.061,0.049,0.059,0.016,0.155,0.455,0.016,0.483,0.059,0.018,0.017,0.016,0.453,0.018,0.036,0.276,0.051,0.018,0.057,0.468,0.018,0.043,0.07,0.462,0.04,0.069,0.464,0.059,0.017,0.286,0.454,0.019,0.03,0.466,0.22,0.051,0.111,0.016,0.466,0.187,0.467,0.549,0.476,0.295,0.467,0.477,0.441,0.464,0.46,0.489,0.393,0.135,0.459,0.289,0.252,0.057,0.479,0.067,0.192,0.271,0.288,0.461,0.076,0.388,0.534,0.461,0.269,0.418,0.469,0.077,0.159,0.042,0.013,0.468,0.379,0.459,0.143,0.554,0.094,0.446,0.326,0.4,0.453,0.445,0.563,0.545,0.013,0.246,0.216,0.459,0.225,0.245,0.653,0.304,0.573,0.052,0.014,0.903,0.091,0.04,0.028,0.095,0.428,0.474,0.507,1.026,0.043,0.104,0.242,0.013,0.456,0.166,0.639,0.061,0.026,0.065,0.03,0.502,0.047,0.089,0.303,0.024,0.013,0.04,0.476,0.016,0.437,0.079,0.016,0.07,0.081,0.187,0.026,0.585,0.038,0.027,0.03,0.071,0.463,0.016,0.217,0.103,0.054,0.016,0.131,0.05,0.471,0.029,0.049,0.016,0.025,0.016,0.025,0.482,0.065,0.064328,0.026,0.017,0.016,0.469,0.025,0.02,0.039,0.018,0.016,0.026,0.385,0.028,0.027,0.893,0.304,0.156,0.05,0.347,0.102,0.239,0.149,0.552,0.037,0.155,0.945,0.043,0.347,0.037,0.479,0.032,0.207,0.043,0.028,0.037,0.239,0.473,0.018,0.016,0.454,0.019,0.035,0.436,0.013,0.465,0.014,0.285,0.028,0.471,0.048,0.015,0.019,0.016,0.119,0.032,0.483,0.033,0.286,0.035,0.017,0.045,0.032,0.527,0.022,0.021,0.06,0.091,0.49,0.05,0.169,0.053,0.015,0.024,0.018,0.208,0.015,0.036,0.3,0.031,0.016,0.029,0.429,0.022,0.127,0.906,0.016,0.018,0.034,0.473,0.037,0.204,0.087,0.017,0.018,0.193,0.467,0.031,0.23,0.022,0.243,0.016,0.107,0.472,0.241,0.266,0.036,0.019,0.237,0.177,0.463,0.235,0.055,0.058,0.016,0.075,0.016,0.016,0.083,0.461,0.016,0.016,0.041,0.021,0.454,0.016,0.774,0.463,0.02,0.194,0.016,0.457,0.017,0.138,0.429,0.32309,0.25,0.026,0.457,0.47,0.096,0.039,0.016,0.444,0.259,0.46,0.061,0.023,0.257,0.029,0.223,0.11,0.457,0.149,0.237,0.06,0.235,0.193,0.272,0.47,0.155,0.391,0.478,0.474,0.181,0.053,0.484,0.1,0.439,0.499,0.461,0.346,0.358,0.462,0.453,0.49,0.479,0.447,0.457,0.37,0.468,0.407,0.918,0.494,0.463,0.391,0.272,0.463,0.235,0.475,0.178,0.435,0.248,0.466,0.486,0.158,0.203
0.081,0.043,0.458,0.026,0.086,0.462,0.164,0.057,0.327,0.017,0.093,0.093,0.457,0.504,0.078,0.048,0.056,0.016,0.032,0.458,0.016,0.438,0.062,0.017,0.023,0.016,0.461,0.017,0.04,0.137,0.052,0.016,0.057,0.476,0.018,0.036,0.049,0.474,0.018,0.057,0.453,0.057,0.016,0.237,0.447,0.031,0.016,0.466,0.017,0.063,0.05,0.029,0.466,0.017,0.455,0.103,0.133,0.166,0.462,0.274,0.013,0.466,0.068,0.245,0.055,0.014,0.123,0.014,0.014,0.013,0.329,0.052,0.025,0.014,0.019,0.46,0.013,0.035,0.511,0.457,0.016,0.021,0.457,0.017,0.043,0.036,0.017,0.02,0.017,0.459,0.025,0.525,0.014,0.379,0.013,0.013,0.455,0.063,0.585,0.618,0.013,0.027,0.014,0.455,0.014,0.019,0.94,0.025,0.147,0.447,0.019,0.676,0.049,0.036,0.016,0.014,0.014,0.448,0.34,0.233,0.025,0.014,0.013,0.014,0.447,0.016,0.586,0.068,0.017,0.029,0.013,0.771,0.014,0.013,0.014,0.014,0.014,0.014,0.467,0.016,0.152,0.547,0.018,0.02,0.024,0.029,0.016,0.146,0.147,0.015,0.022,0.026,0.464,0.03,0.052,0.07,0.038,0.03,0.023,0.025,0.473,0.022,0.027,0.015,0.022,0.028,0.022,0.473,0.048,0.18916,0.017,0.016,0.018,0.227,0.024,0.03,0.255,0.029,0.016,0.021,0.016,0.018,0.038,0.275,0.216,0.484,0.042,0.027,0.016,0.464,0.041,0.476,0.5,0.521,0.709,0.244,0.143,0.051,0.464,0.015,0.026,0.043,0.018,0.026,0.048,0.411,0.029,0.03,0.305,0.015,0.039,0.444,0.021,0.233,0.013,0.014,0.013,0.534,0.039,0.031,0.017,0.016,0.03,0.015,0.093,0.037,0.212,0.029,0.031,0.039,0.016,0.565,0.015,0.015,0.054,0.05,0.478,0.044,0.042,0.42,0.017,0.024,0.03,0.023,0.021,0.02,0.153,0.016,0.016,0.019,0.023,0.025,0.525,0.129,0.016,0.015,0.04,0.465,0.045,0.503,0.519,0.016,0.029,0.02,0.326,0.017,0.538,0.032,0.015,0.028,0.018,0.468,0.016,0.49,0.049,0.029,0.017,0.023,0.468,0.016,0.047,0.141,0.019,0.016,0.016,0.016,0.02,0.466,0.016,0.029,0.016,0.026,0.466,0.016,0.137,0.58,0.026,0.016,0.022,0.452,0.017,0.127,0.036,0.60804,0.037,0.04,0.494,0.131,0.037,0.05,0.03,0.016,0.015,0.467,0.059,0.023,0.049,0.021,0.016,0.015,0.455,0.028,0.039,0.06,0.017,0.017,0.028,0.45,0.016,0.024,0.475,0.526,0.037,0.059,0.48,0.085,0.045,0.497,0.464,0.028,0.016,0.46,0.065,0.273,0.075,0.458,0.188,0.027,0.479,0.026,0.73,0.168,0.461,0.031,0.016,0.453,0.016,0.34,0.042,0.026,0.016,0.035,0.475,0.015,0.032
0.078,0.029,0.448,0.026,0.115,0.466,0.163,0.053,0.269,0.017,0.093,0.088,0.454,0.324,0.056,0.059,0.055,0.027,0.018,0.451,0.017,0.147,0.068,0.017,0.031,0.022,0.462,0.026,0.11,0.177,0.064,0.016,0.058,0.466,0.028,0.066,0.047,0.465,0.018,0.057,0.452,0.073,0.017,0.22,0.45,0.017,0.016,0.452,0.032,0.051,0.051,0.02,0.47,0.017,0.451,0.103,0.108,0.122,0.365,0.013,0.013,0.466,0.013,0.047,0.285,0.02,0.024,0.014,0.014,0.029,0.233,0.508,0.019,0.013,0.025,0.457,0.014,0.046,0.206,0.185,0.013,0.023,0.457,0.013,0.041,0.506,0.027,0.013,0.027,0.45,0.014,0.133,0.014,0.015,0.013,0.02,0.453,0.014,0.32,0.407,0.026,0.013,0.026,0.468,0.029,0.023,0.488,0.019,0.044,0.486,0.031,0.471,0.237,0.543,0.013,0.03,0.02,0.45,0.02,0.102,0.013,0.029,0.024,0.017,0.451,0.013,0.109,0.229,0.013,0.014,0.013,0.882,0.029,0.028,0.014,0.014,0.025,0.014,0.47,0.028,0.058,0.246,0.03,0.029,0.018,0.03,0.015,0.048,0.634,0.016,0.025,0.021,0.471,0.015,0.039,0.123,0.053,0.016,0.016,0.016,0.46,0.016,0.029,0.03,0.016,0.018,0.016,0.467,0.045,0.24679,0.019,0.031,0.028,0.02,0.016,0.017,0.467,0.016,0.028,0.015,0.025,0.016,0.025,0.029,0.276,0.273,0.175,0.016,0.021,0.297,0.054,0.043,0.545,0.284,0.591,0.465,0.049,0.534,0.399,0.016,0.015,0.037,0.021,0.039,0.05,0.016,0.016,0.015,0.024,0.03,0.029,0.447,0.022,0.013,0.029,0.016,0.015,0.271,0.047,0.015,0.025,0.03,0.016,0.016,0.079,0.191,0.051,0.022,0.015,0.046,0.018,0.084,0.021,0.022,0.044,0.06,0.379,0.037,0.037,0.04,0.03,0.016,0.015,0.016,0.027,0.026,0.235,0.016,0.03,0.015,0.015,0.016,0.306,0.039,0.025,0.031,0.041,0.531,0.467,0.205,0.257,0.015,0.016,0.015,0.015,0.017,0.134,0.016,0.016,0.02,0.015,0.47,0.023,0.242,0.036,0.016,0.032,0.015,0.463,0.016,0.041,0.62,0.028,0.016,0.04,0.024,0.029,0.454,0.028,0.015,0.022,0.016,0.455,0.03,0.042,0.293,0.016,0.031,0.024,0.453,0.029,0.62,0.047,0.60443,0.036,0.048,0.019,0.059,0.04,0.06,0.018,0.016,0.016,0.46,0.06,0.039,0.053,0.016,0.016,0.019,0.462,0.032,0.042,0.1,0.015,0.022,0.022,0.458,0.022,0.036,0.49,0.475,0.037,0.054,0.484,0.059,0.063,0.089,0.269,0.025,0.016,0.449,0.03,0.385,0.075,0.469,0.025,0.027,0.481,0.025,0.521,0.069,0.464,0.018,0.015,0.459,0.024,0.635,0.046,0.016,0.015,0.015,0.511,0.016,0.178
0.062,0.039,0.016,0.016,0.12,0.458,0.287,0.051,0.043,0.017,0.103,0.085,0.456,0.107,0.056,0.055,0.063,0.023,0.016,0.456,0.016,0.071,0.056,0.017,0.017,0.031,0.459,0.026,0.487,0.167,0.058,0.024,0.068,0.463,0.023,0.051,0.059,0.557,0.029,0.083,0.468,0.058,0.134,0.055,0.452,0.016,0.017,0.458,0.017,0.05,0.068,0.016,0.478,0.016,0.476,0.087,0.147,0.051,0.014,0.014,0.019,0.471,0.013,0.041,0.43,0.025,0.014,0.024,0.02,0.016,0.103,0.174,0.013,0.014,0.013,0.467,0.013,0.033,0.044,0.013,0.014,0.014,0.458,0.014,0.056,0.312,0.014,0.014,0.014,0.446,0.014,0.096,0.247,0.028,0.014,0.025,0.447,0.016,0.161,0.055,0.019,0.014,0.017,0.448,0.013,0.032,0.461,0.013,0.04,0.137,0.015,0.497,0.582,0.203,0.014,0.014,0.024,0.453,0.086,0.427,0.014,0.014,0.02,0.027,0.454,0.013,0.03,0.046,0.014,0.014,0.02,0.474,0.013,0.014,0.252,0.027,0.018,0.022,0.463,0.02,0.025,0.065,0.017,0.016,0.018,0.037,0.027,0.046,0.158,0.023,0.016,0.015,0.488,0.016,0.036,0.032,0.038,0.015,0.016,0.015,0.459,0.121,0.017,0.016,0.018,0.016,0.023,0.315,0.031,0.065046,0.027,0.015,0.016,0.016,0.023,0.021,0.078,0.016,0.019,0.024,0.023,0.026,0.037,0.04,0.262,0.167,0.061,0.013,0.244,0.019,0.041,0.267,0.35,0.052,0.421,0.056,0.063,0.225,0.031,0.032,0.023,0.049,0.035,0.024,0.455,0.031,0.018,0.016,0.015,0.017,0.016,0.441,0.013,0.022,0.013,0.027,0.028,0.047,0.064,0.015,0.021,0.017,0.016,0.034,0.067,0.49,0.045,0.052,0.017,0.044,0.029,0.088,0.026,0.024,0.062,0.047,0.034,0.054,0.055,0.245,0.015,0.019,0.016,0.021,0.015,0.027,0.043,0.032,0.019,0.028,0.02,0.02,0.057,0.054,0.022,0.043,0.033,0.57,0.322,0.039,0.046,0.024,0.015,0.016,0.017,0.029,0.025,0.015,0.019,0.015,0.016,0.383,0.026,0.047,0.602,0.016,0.016,0.016,0.094,0.021,0.045,0.154,0.016,0.019,0.055,0.034,0.016,0.161,0.023,0.016,0.025,0.016,0.121,0.02,0.048,0.046,0.016,0.016,0.016,0.03,0.016,0.358,0.038,0.19523,0.049,0.036,0.023,0.068,0.054,0.197,0.016,0.019,0.027,0.456,0.145,0.035,0.038,0.015,0.029,0.03,0.468,0.016,0.063,0.287,0.02,0.032,0.016,0.453,0.028,0.041,0.476,0.05,0.041,0.046,0.379,0.054,0.055,0.057,0.021,0.016,0.016,0.449,0.041,0.417,0.064,0.469,0.025,0.026,0.464,0.025,0.331,0.073,0.464,0.016,0.016,0.463,0.026,1.003,0.171,0.016,0.028,0.016,0.549,0.031,0.296
0.055,0.037,0.03,0.016,0.105,0.458,0.103,0.052,0.05,0.028,0.122,0.059,0.469,0.107,0.055,0.214,0.067,0.017,0.016,0.454,0.016,0.099,0.049,0.03,0.016,0.018,0.465,0.016,0.417,0.157,0.052,0.027,0.061,0.465,0.046,0.108,0.147,0.534,0.026,0.103,0.472,0.065,0.131,0.124,0.12,0.017,0.017,0.478,0.017,0.313,0.039,0.016,0.482,0.016,0.464,0.082,0.318,0.054,0.014,0.014,0.027,0.47,0.017,0.083,0.248,0.015,0.013,0.023,0.025,0.014,0.116,0.017,0.013,0.028,0.013,0.472,0.028,0.042,0.036,0.022,0.014,0.013,0.454,0.013,0.044,0.052,0.013,0.017,0.014,0.456,0.014,0.055,0.394,0.016,0.013,0.013,0.451,0.028,0.196,0.018,0.014,0.013,0.013,0.453,0.013,0.017,0.445,0.182,0.04,0.189,0.014,0.491,0.047,0.04,0.015,0.013,0.014,0.456,0.058,0.582,0.013,0.013,0.014,0.014,0.467,0.026,0.056,0.068,0.025,0.017,0.023,0.466,0.013,0.015,0.417,0.016,0.015,0.021,0.467,0.016,0.019,0.047,0.016,0.017,0.028,0.021,0.019,0.038,0.17,0.023,0.016,0.017,0.471,0.093,0.042,0.045,0.049,0.025,0.03,0.028,0.48,0.535,0.016,0.015,0.027,0.025,0.023,0.016,0.023,0.066481,0.015,0.016,0.015,0.026,0.025,0.58,0.052,0.031,0.015,0.023,0.016,0.019,0.027,0.048,0.051,0.022,0.036,0.026,0.537,0.024,0.044,0.195,0.099,0.046,0.038,0.045,0.051,0.036,0.015,0.015,0.026,0.042,0.016,0.435,0.132,0.016,0.03,0.032,0.02,0.016,0.036,0.296,0.019,0.02,0.014,0.014,0.014,0.047,0.052,0.029,0.016,0.015,0.031,0.019,0.078,0.065,0.037,0.048,0.036,0.016,0.016,0.078,0.016,0.016,0.046,0.061,0.03,0.04,0.04,0.19,0.016,0.03,0.032,0.026,0.019,0.037,0.076,0.018,0.016,0.02,0.031,0.028,0.043,0.043,0.016,0.035,0.027,0.626,0.091,0.053,0.037,0.023,0.016,0.022,0.031,0.019,0.028,0.016,0.028,0.016,0.019,0.016,0.016,0.04,0.319,0.016,0.017,0.025,0.024,0.025,0.05,0.043,0.016,0.029,0.044,0.017,0.016,0.021,0.017,0.029,0.016,0.023,0.016,0.022,0.036,0.047,0.026,0.016,0.015,0.016,0.016,0.087,0.133,0.023335,0.697,0.171,0.042,0.062,0.043,0.61,0.015,0.03,0.022,0.348,0.645,0.046,0.071,0.016,0.02,0.016,0.044,0.022,0.294,0.034,0.03,0.016,0.016,0.455,0.016,0.056,0.462,0.032,0.087,0.054,0.034,0.051,0.05,0.05,0.031,0.016,0.016,0.468,0.028,0.065,0.064,0.45,0.025,0.041,0.465,0.026,0.102,0.082,0.477,0.016,0.027,0.458,0.016,0.323,0.636,0.016,0.023,0.015,0.542,0.016,0.148
0.125,0.116,0.018,0.016,0.09,0.455,0.175,0.064,0.152,0.054,0.085,0.079,0.652,0.086,0.059,0.133,0.058,0.016,0.016,0.471,0.023,0.276,0.049,0.018,0.017,0.017,0.473,0.017,0.766,0.195,0.054,0.017,0.056,0.463,0.069,0.672,0.049,0.528,0.018,0.118,0.46,0.064,0.044,0.065,0.016,0.016,0.026,0.463,0.016,0.549,0.209,0.016,0.465,0.027,0.461,0.091,0.402,0.06,0.013,0.014,0.013,0.479,0.029,0.07,0.042,0.014,0.014,0.013,0.014,0.014,0.558,0.015,0.018,0.016,0.014,0.464,0.016,0.54,0.032,0.022,0.028,0.014,0.474,0.023,0.042,0.042,0.019,0.026,0.013,0.448,0.014,0.063,0.118,0.014,0.026,0.013,0.457,0.014,0.063,0.014,0.014,0.019,0.014,0.457,0.014,0.014,0.442,0.038,0.05,0.029,0.014,0.484,0.055,0.039,0.028,0.014,0.013,0.462,0.038,0.166,0.017,0.014,0.013,0.013,0.458,0.016,0.042,0.085,0.018,0.025,0.014,0.462,0.02,0.027,0.04,0.013,0.013,0.013,0.223,0.021,0.032,0.046,0.026,0.023,0.024,0.016,0.016,0.05,0.181,0.016,0.023,0.028,0.298,0.018,0.028,0.059,0.042,0.021,0.016,0.018,0.462,0.092,0.044,0.029,0.016,0.021,0.016,0.023,0.034,0.078916,0.019,0.028,0.031,0.021,0.016,0.152,0.046,0.016,0.024,0.016,0.022,0.016,0.025,0.058,0.039,0.056,0.052,0.017,0.304,0.036,0.05,0.179,0.053,0.061,0.027,0.045,0.047,0.026,0.016,0.017,0.016,0.036,0.015,0.468,0.044,0.016,0.016,0.016,0.026,0.031,0.016,0.029,0.024,0.013,0.029,0.016,0.014,0.065,0.568,0.017,0.022,0.028,0.016,0.015,0.085,0.036,0.05,0.052,0.015,0.03,0.015,0.095,0.016,0.017,0.048,0.056,0.056,0.038,0.044,0.184,0.03,0.015,0.016,0.016,0.029,0.057,0.078,0.016,0.027,0.016,0.015,0.015,0.039,0.041,0.018,0.043,0.029,0.636,0.051,0.034,0.039,0.016,0.031,0.025,0.016,0.015,0.015,0.032,0.015,0.02,0.029,0.027,0.016,0.042,0.049,0.031,0.016,0.022,0.028,0.016,0.041,0.053,0.02,0.016,0.043,0.016,0.017,0.026,0.282,0.016,0.016,0.024,0.031,0.026,0.037,0.041,0.02,0.02,0.029,0.016,0.026,0.104,0.05,0.033853,0.181,0.649,0.019,0.069,0.041,0.227,0.022,0.017,0.016,0.015,0.158,0.039,0.052,0.024,0.016,0.015,0.016,0.018,0.474,0.602,0.015,0.017,0.016,0.467,0.015,0.046,0.565,0.031,0.536,0.046,0.033,0.054,0.053,0.06,0.019,0.016,0.016,0.475,0.026,0.063,0.065,0.444,0.04,0.036,0.467,0.026,0.106,0.567,0.465,0.016,0.023,0.476,0.016,0.238,0.198,0.027,0.016,0.015,0.501,0.015,0.348
0.045,0.09,0.015,0.016,0.088,0.469,0.281,0.051,0.229,0.037,0.055,0.374,0.466,0.087,0.069,0.062,0.055,0.017,0.017,0.455,0.028,0.6,0.067,0.016,0.016,0.018,0.458,0.016,0.219,0.187,0.126,0.016,0.057,0.478,0.064,0.844,0.047,0.297,0.018,0.099,0.548,0.072,0.157,0.039,0.016,0.027,0.024,0.46,0.016,0.059,0.543,0.022,0.461,0.025,0.46,0.064,0.16,0.05,0.027,0.019,0.014,0.484,0.014,0.059,0.04,0.014,0.013,0.015,0.014,0.013,0.114,0.027,0.025,0.013,0.018,0.448,0.013,0.178,0.042,0.014,0.015,0.018,0.464,0.021,0.042,0.037,0.026,0.014,0.013,0.449,0.013,0.057,0.019,0.013,0.02,0.013,0.452,0.013,0.053,0.017,0.013,0.025,0.014,0.465,0.022,0.021,0.447,0.261,0.035,0.086,0.028,0.479,0.042,0.039,0.014,0.013,0.013,0.451,0.078,0.041,0.027,0.013,0.014,0.014,0.453,0.014,0.041,0.053,0.014,0.014,0.013,0.054,0.023,0.014,0.024,0.018,0.027,0.014,0.021,0.027,0.019,0.057,0.022,0.026,0.018,0.022,0.018,0.041,0.233,0.016,0.024,0.018,0.019,0.021,0.024,0.043,0.047,0.016,0.015,0.016,0.127,0.024,0.04,0.017,0.016,0.015,0.021,0.023,0.031,0.089199,0.027,0.019,0.016,0.016,0.021,0.05,0.038,0.015,0.023,0.021,0.026,0.035,0.039,0.048,0.053,0.045,0.04,0.034,0.166,0.039,0.038,0.067,0.037,0.042,0.023,0.059,0.061,0.037,0.03,0.031,0.023,0.05,0.031,0.23,0.028,0.031,0.017,0.016,0.016,0.015,0.021,0.015,0.013,0.022,0.013,0.028,0.029,0.046,0.192,0.015,0.024,0.019,0.016,0.026,0.05,0.071,0.044,0.06,0.024,0.035,0.032,0.073,0.032,0.041,0.06,0.046,0.042,0.054,0.049,0.096,0.017,0.016,0.015,0.018,0.016,0.046,0.074,0.028,0.022,0.026,0.016,0.017,0.05,0.054,0.028,0.048,0.016,0.643,0.039,0.035,0.053,0.015,0.016,0.015,0.015,0.016,0.015,0.492,0.016,0.028,0.015,0.023,0.016,0.047,0.038,0.016,0.026,0.016,0.022,0.016,0.04,0.047,0.027,0.016,0.046,0.021,0.031,0.016,0.508,0.016,0.022,0.015,0.016,0.022,0.052,0.052,0.016,0.026,0.019,0.024,0.02,0.072,0.038,0.02465,0.044,0.047,0.013,0.039,0.489,0.07,0.026,0.015,0.016,0.031,0.063,0.042,0.038,0.025,0.016,0.016,0.016,0.031,0.154,0.271,0.016,0.015,0.019,0.46,0.016,0.041,0.493,0.046,0.456,0.041,0.032,0.183,0.082,0.61,0.016,0.016,0.023,0.454,0.025,0.057,0.157,0.443,0.035,0.025,0.461,0.026,0.123,0.401,0.419,0.015,0.015,0.459,0.017,0.249,0.041,0.022,0.016,0.028,0.504,0.016,0.778
0.036,0.304,0.016,0.026,0.073,0.469,0.061,0.086,0.103,0.103,0.071,0.138,0.476,0.065,0.095,0.056,0.056,0.023,0.033,0.461,0.016,0.234,0.053,0.016,0.018,0.018,0.275,0.016,0.102,0.086,0.574,0.016,0.067,0.469,0.067,0.265,0.059,0.13,0.018,0.065,0.506,0.058,0.355,0.04,0.017,0.022,0.016,0.191,0.021,0.074,0.381,0.028,0.456,0.016,0.469,0.056,0.134,0.091,0.019,0.026,0.014,0.473,0.015,0.067,0.049,0.014,0.019,0.013,0.013,0.017,0.032,0.014,0.014,0.014,0.025,0.445,0.014,0.058,0.043,0.013,0.013,0.025,0.455,0.014,0.051,0.036,0.023,0.014,0.027,0.459,0.017,0.055,0.046,0.014,0.014,0.014,0.457,0.014,0.064,0.045,0.017,0.014,0.029,0.467,0.02,0.022,0.43,0.174,0.036,0.471,0.027,0.476,0.039,0.05,0.014,0.027,0.014,0.038,0.034,0.078,0.014,0.03,0.027,0.026,0.148,0.013,0.049,0.018,0.014,0.014,0.028,0.023,0.02,0.018,0.023,0.026,0.017,0.029,0.021,0.021,0.017,0.024,0.017,0.016,0.019,0.052,0.028,0.038,0.215,0.028,0.016,0.016,0.029,0.028,0.028,0.044,0.051,0.019,0.027,0.019,0.023,0.021,0.039,0.016,0.029,0.022,0.025,0.016,0.046,0.077003,0.016,0.016,0.015,0.024,0.026,0.053,0.051,0.03,0.016,0.026,0.015,0.049,0.026,0.043,0.037,0.037,0.044,0.046,0.025,0.045,0.049,0.038,0.047,0.042,0.044,0.043,0.034,0.027,0.016,0.016,0.026,0.034,0.015,0.064,0.027,0.017,0.032,0.031,0.02,0.016,0.048,0.017,0.018,0.021,0.015,0.014,0.013,0.045,0.049,0.025,0.015,0.016,0.031,0.022,0.049,0.055,0.038,0.05,0.054,0.043,0.016,0.083,0.016,0.016,0.044,0.059,0.042,0.035,0.038,0.043,0.015,0.032,0.029,0.03,0.016,0.043,0.051,0.022,0.016,0.022,0.03,0.031,0.042,0.031,0.016,0.12,0.015,0.091,0.037,0.046,0.038,0.019,0.015,0.016,0.016,0.03,0.028,0.24,0.016,0.016,0.016,0.016,0.027,0.037,0.038,0.016,0.022,0.016,0.016,0.03,0.051,0.042,0.015,0.016,0.052,0.026,0.016,0.016,0.044,0.026,0.025,0.016,0.016,0.016,0.037,0.043,0.016,0.016,0.016,0.023,0.016,0.1,0.045,0.021035,0.047,0.044,0.023,0.038,0.267,0.058,0.016,0.016,0.016,0.018,0.056,0.05,0.042,0.016,0.019,0.021,0.017,0.017,0.063,0.067,0.016,0.016,0.031,0.454,0.018,0.045,0.481,0.361,0.061,0.036,0.152,0.1,0.066,0.301,0.016,0.016,0.03,0.454,0.025,0.074,0.552,0.051,0.025,0.024,0.464,0.027,0.112,0.071,0.026,0.029,0.016,0.454,0.02,0.173,0.036,0.016,0.015,0.023,0.482,0.026,0.261
0.035,0.187,0.015,0.024,0.061,0.462,0.061,0.059,0.1,0.065,0.056,0.059,0.49,0.065,0.038,0.112,0.067,0.026,0.021,0.34,0.017,0.073,0.323,0.017,0.031,0.017,0.017,0.016,0.091,0.118,0.175,0.016,0.064,0.458,0.054,0.094,0.051,0.085,0.021,0.06,0.518,0.062,0.196,0.045,0.021,0.016,0.016,0.016,0.03,0.059,0.199,0.016,0.077,0.016,0.176,0.076,0.13,0.634,0.014,0.013,0.013,0.471,0.013,0.052,0.061,0.018,0.028,0.014,0.013,0.026,0.019,0.024,0.013,0.015,0.013,0.458,0.013,0.043,0.039,0.013,0.014,0.013,0.149,0.013,0.024,0.037,0.013,0.013,0.016,0.264,0.028,0.105,0.041,0.014,0.013,0.025,0.454,0.013,0.053,0.057,0.029,0.013,0.013,0.081,0.014,0.013,0.018,0.039,0.038,0.015,0.018,0.38,0.04,0.041,0.013,0.018,0.027,0.014,0.07,0.085,0.013,0.014,0.017,0.018,0.021,0.024,0.041,0.02,0.023,0.022,0.015,0.014,0.013,0.025,0.014,0.013,0.014,0.014,0.029,0.022,0.039,0.024,0.017,0.016,0.028,0.038,0.016,0.05,0.051,0.019,0.017,0.016,0.015,0.018,0.035,0.056,0.041,0.026,0.02,0.027,0.023,0.029,0.052,0.025,0.016,0.024,0.015,0.021,0.058,0.043762,0.017,0.025,0.028,0.022,0.016,0.048,0.039,0.017,0.019,0.015,0.019,0.042,0.023,0.059,0.048,0.054,0.047,0.034,0.041,0.048,0.053,0.273,0.032,0.05,0.049,0.042,0.023,0.03,0.016,0.017,0.016,0.033,0.016,0.05,0.042,0.015,0.016,0.015,0.027,0.037,0.039,0.03,0.026,0.013,0.028,0.017,0.014,0.063,0.062,0.021,0.021,0.025,0.017,0.016,0.03,0.055,0.051,0.033,0.047,0.049,0.015,0.095,0.016,0.027,0.047,0.029,0.035,0.034,0.044,0.246,0.027,0.016,0.02,0.016,0.031,0.06,0.038,0.016,0.024,0.016,0.02,0.015,0.033,0.015,0.015,0.045,0.166,0.043,0.052,0.04,0.038,0.029,0.016,0.016,0.028,0.018,0.019,0.051,0.031,0.015,0.016,0.015,0.022,0.037,0.044,0.015,0.016,0.025,0.029,0.016,0.044,0.043,0.016,0.031,0.04,0.015,0.016,0.019,0.05,0.019,0.016,0.027,0.016,0.016,0.038,0.039,0.03,0.015,0.02,0.015,0.019,0.095,0.047,0.028594,0.035,0.048,0.018,0.036,0.042,0.054,0.015,0.024,0.031,0.016,0.035,0.037,0.045,0.015,0.029,0.028,0.031,0.016,0.061,0.056,0.016,0.024,0.016,0.039,0.031,0.05,0.475,0.461,0.06,0.034,0.065,0.05,0.061,0.049,0.016,0.024,0.015,0.277,0.026,0.061,0.235,0.023,0.025,0.023,0.466,0.027,0.203,0.072,0.026,0.023,0.016,0.453,0.03,0.255,0.033,0.016,0.017,0.015,0.901,0.033,0.221
0.038,0.215,0.018,0.016,0.055,0.456,0.052,0.062,0.137,0.064,0.058,0.062,0.51,0.156,0.038,0.111,0.059,0.016,0.017,0.016,0.021,0.539,0.064,0.026,0.017,0.016,0.016,0.019,0.101,0.132,0.062,0.022,0.059,0.455,0.055,0.24,0.04,0.069,0.033,0.045,0.146,0.05,0.043,0.051,0.028,0.016,0.017,0.029,0.016,0.062,0.105,0.016,0.016,0.016,0.03,0.054,0.064,0.26,0.013,0.014,0.019,0.073,0.014,0.052,0.101,0.027,0.014,0.019,0.024,0.014,0.026,0.04,0.014,0.029,0.013,0.35,0.016,0.041,0.038,0.017,0.014,0.014,0.013,0.013,0.014,0.643,0.014,0.017,0.014,0.014,0.016,0.018,0.038,0.018,0.014,0.019,0.453,0.016,0.056,0.04,0.013,0.014,0.014,0.013,0.013,0.014,0.014,0.049,0.053,0.015,0.017,0.034,0.053,0.038,0.02,0.013,0.017,0.014,0.074,0.075,0.013,0.014,0.014,0.014,0.022,0.019,0.019,0.031,0.019,0.02,0.013,0.015,0.03,0.347,0.03,0.014,0.014,0.013,0.018,0.031,0.048,0.038,0.032,0.027,0.024,0.039,0.016,0.039,0.046,0.015,0.026,0.031,0.017,0.015,0.023,0.017,0.051,0.016,0.015,0.016,0.016,0.016,0.041,0.021,0.016,0.016,0.02,0.025,0.046,0.033957,0.029,0.021,0.019,0.016,0.02,0.061,0.037,0.015,0.027,0.02,0.029,0.035,0.038,0.043,0.043,0.037,0.037,0.042,0.055,0.039,0.044,0.281,0.033,0.028,0.05,0.037,0.038,0.065,0.03,0.03,0.022,0.048,0.029,0.028,0.028,0.03,0.015,0.016,0.015,0.016,0.045,0.015,0.013,0.02,0.014,0.028,0.029,0.046,0.056,0.015,0.025,0.021,0.016,0.022,0.043,0.061,0.048,0.033,0.056,0.037,0.029,0.082,0.029,0.046,0.058,0.026,0.028,0.058,0.046,0.285,0.02,0.016,0.015,0.015,0.016,0.039,0.046,0.024,0.024,0.026,0.016,0.016,0.046,0.025,0.031,0.047,0.024,0.443,0.037,0.034,0.044,0.016,0.031,0.031,0.019,0.016,0.016,0.055,0.015,0.016,0.025,0.017,0.015,0.047,0.045,0.031,0.016,0.022,0.018,0.015,0.039,0.053,0.023,0.016,0.035,0.016,0.016,0.028,0.056,0.016,0.016,0.02,0.031,0.029,0.049,0.047,0.016,0.026,0.026,0.016,0.027,0.064,0.035,0.028594,0.038,0.037,0.039,0.048,0.047,0.06,0.016,0.024,0.018,0.016,0.051,0.046,0.056,0.016,0.016,0.015,0.017,0.015,0.057,0.054,0.031,0.026,0.016,0.016,0.016,0.038,0.477,0.054,0.05,0.052,0.328,0.055,0.06,0.056,0.016,0.029,0.017,0.017,0.025,0.058,0.065,0.031,0.025,0.025,0.186,0.028,0.454,0.075,0.025,0.016,0.016,0.458,0.017,0.054,0.049,0.015,0.027,0.016,0.746,0.015,0.049
0.047,0.043,0.031,0.016,0.049,0.454,0.05,0.052,0.541,0.07,0.057,0.056,0.073,0.557,0.054,0.114,0.107,0.016,0.017,0.016,0.023,0.491,0.059,0.022,0.017,0.024,0.016,0.031,0.055,0.117,0.217,0.029,0.058,0.388,0.058,0.394,0.038,0.08,0.018,0.074,0.059,0.152,0.444,0.041,0.016,0.016,0.017,0.02,0.017,0.046,0.087,0.016,0.027,0.016,0.019,0.059,0.11,0.207,0.014,0.014,0.026,0.013,0.014,0.067,0.084,0.015,0.014,0.026,0.021,0.018,0.014,0.055,0.024,0.013,0.014,0.016,0.033,0.044,0.039,0.026,0.029,0.013,0.023,0.026,0.014,1.001,0.013,0.026,0.013,0.013,0.013,0.027,0.042,0.028,0.013,0.014,0.023,0.028,0.054,0.042,0.013,0.023,0.013,0.015,0.018,0.026,0.026,0.42,0.037,0.046,0.015,0.035,0.042,0.039,0.023,0.013,0.013,0.025,0.017,0.109,0.015,0.013,0.013,0.014,0.014,0.014,0.02,0.016,0.014,0.014,0.019,0.027,0.018,0.389,0.053,0.025,0.029,0.023,0.017,0.017,0.041,0.025,0.016,0.021,0.019,0.044,0.025,0.038,0.428,0.016,0.022,0.016,0.022,0.023,0.024,0.037,0.042,0.015,0.021,0.016,0.016,0.025,0.04,0.016,0.025,0.018,0.026,0.016,0.044,0.12674,0.016,0.016,0.016,0.023,0.029,0.058,0.053,0.029,0.017,0.027,0.016,0.029,0.024,0.043,0.038,0.038,0.043,0.044,0.049,0.044,0.05,0.051,0.044,0.034,0.064,0.016,0.022,0.05,0.016,0.016,0.026,0.034,0.017,0.058,0.027,0.018,0.031,0.03,0.02,0.015,0.046,0.016,0.017,0.023,0.015,0.014,0.013,0.047,0.052,0.022,0.016,0.016,0.031,0.026,0.028,0.048,0.041,0.023,0.049,0.048,0.019,0.052,0.018,0.042,0.043,0.043,0.045,0.036,0.037,0.041,0.016,0.027,0.026,0.032,0.016,0.045,0.046,0.027,0.016,0.023,0.023,0.031,0.042,0.023,0.016,0.04,0.03,0.077,0.037,0.039,0.046,0.016,0.017,0.016,0.015,0.015,0.022,0.045,0.016,0.026,0.022,0.028,0.016,0.043,0.02,0.016,0.021,0.016,0.016,0.021,0.042,0.029,0.024,0.016,0.34,0.018,0.029,0.016,0.04,0.023,0.021,0.016,0.017,0.018,0.04,0.044,0.016,0.021,0.016,0.031,0.016,0.112,0.044,0.02465,0.046,0.041,0.041,0.042,0.055,0.067,0.029,0.016,0.015,0.02,0.036,0.041,0.04,0.023,0.016,0.016,0.016,0.02,0.055,0.063,0.019,0.016,0.016,0.016,0.016,0.038,0.071,0.061,0.054,0.035,0.199,0.033,0.06,0.057,0.028,0.016,0.016,0.024,0.026,0.057,0.076,0.036,0.024,0.024,0.026,0.035,0.866,0.065,0.025,0.016,0.029,0.397,0.017,0.092,0.036,0.031,0.024,0.016,0.522,0.016,0.043
0.043,0.107,0.019,0.016,0.049,0.057,0.069,0.051,0.592,0.057,0.055,0.056,0.062,0.431,0.041,0.166,0.06,0.016,0.025,0.029,0.015,0.053,0.102,0.017,0.018,0.028,0.018,0.018,0.053,0.099,0.056,0.016,0.068,0.027,0.061,0.074,0.044,0.063,0.018,0.08,0.052,0.041,0.09,0.04,0.016,0.025,0.032,0.017,0.016,0.049,0.118,0.017,0.024,0.022,0.016,0.077,0.054,0.024,0.014,0.014,0.014,0.014,0.027,0.029,0.367,0.013,0.019,0.013,0.013,0.013,0.016,0.042,0.018,0.019,0.019,0.013,0.014,0.033,0.05,0.014,0.013,0.018,0.021,0.029,0.042,0.744,0.02,0.014,0.014,0.013,0.013,0.014,0.052,0.014,0.018,0.014,0.029,0.014,0.067,0.041,0.013,0.02,0.02,0.028,0.026,0.018,0.041,0.177,0.041,0.049,0.036,0.035,0.037,0.051,0.014,0.014,0.014,0.019,0.078,0.05,0.029,0.014,0.015,0.02,0.013,0.014,0.021,0.015,0.013,0.015,0.024,0.013,0.013,0.041,0.04,0.018,0.014,0.02,0.026,0.016,0.041,0.025,0.017,0.016,0.018,0.046,0.021,0.051,0.142,0.031,0.017,0.015,0.024,0.022,0.037,0.027,0.04,0.031,0.025,0.026,0.031,0.022,0.029,0.022,0.021,0.028,0.015,0.02,0.06,0.053328,0.016,0.024,0.024,0.025,0.016,0.05,0.037,0.018,0.016,0.017,0.016,0.015,0.046,0.053,0.047,0.041,0.043,0.034,0.063,0.047,0.047,0.047,0.029,0.036,0.049,0.017,0.025,0.05,0.015,0.019,0.016,0.037,0.015,0.051,0.042,0.016,0.016,0.017,0.028,0.032,0.037,0.031,0.025,0.013,0.028,0.016,0.014,0.058,0.065,0.024,0.018,0.024,0.016,0.015,0.044,0.035,0.059,0.043,0.041,0.043,0.016,0.05,0.015,0.056,0.03,0.028,0.029,0.038,0.044,0.045,0.022,0.021,0.022,0.016,0.032,0.052,0.043,0.015,0.022,0.016,0.027,0.017,0.038,0.015,0.015,0.043,0.043,0.037,0.047,0.047,0.037,0.015,0.015,0.016,0.016,0.031,0.034,0.043,0.016,0.021,0.016,0.02,0.017,0.037,0.016,0.016,0.027,0.017,0.017,0.027,0.054,0.016,0.017,0.015,0.461,0.03,0.019,0.015,0.042,0.023,0.025,0.015,0.015,0.017,0.037,0.038,0.023,0.015,0.016,0.016,0.017,0.067,0.05,0.023993,0.036,0.047,0.046,0.038,0.043,0.054,0.019,0.016,0.016,0.028,0.035,0.036,0.04,0.026,0.016,0.016,0.016,0.029,0.062,0.06,0.016,0.016,0.016,0.032,0.016,0.045,0.035,0.054,0.041,0.333,0.227,0.033,0.045,0.07,0.025,0.016,0.015,0.184,0.039,0.067,0.065,0.023,0.024,0.025,0.026,0.042,0.22,0.067,0.025,0.016,0.021,0.025,0.016,0.427,0.032,0.021,0.015,0.015,0.201,0.015,0.299
0.035,0.495,0.016,0.015,0.045,0.015,0.056,0.048,0.583,0.054,0.038,0.059,0.056,0.072,0.038,0.575,0.059,0.021,0.037,0.023,0.024,0.051,0.1,0.016,0.017,0.015,0.027,0.016,0.22,0.106,0.051,0.016,0.052,0.027,0.053,0.056,0.052,0.054,0.018,0.04,0.06,0.041,0.039,0.041,0.016,0.025,0.016,0.016,0.016,0.041,0.589,0.027,0.017,0.028,0.016,0.059,0.066,0.323,0.022,0.013,0.013,0.02,0.018,0.016,0.571,0.014,0.019,0.014,0.013,0.021,0.04,0.039,0.014,0.013,0.024,0.014,0.018,0.041,0.032,0.013,0.014,0.026,0.013,0.013,0.042,0.677,0.024,0.013,0.026,0.016,0.014,0.023,0.039,0.014,0.027,0.013,0.014,0.013,0.057,0.039,0.014,0.014,0.024,0.013,0.013,0.014,0.056,0.042,0.042,0.036,0.039,0.049,0.036,0.041,0.013,0.024,0.013,0.013,0.062,0.086,0.014,0.03,0.028,0.024,0.016,0.023,0.014,0.025,0.023,0.026,0.014,0.014,0.014,0.018,0.039,0.013,0.014,0.014,0.023,0.023,0.055,0.031,0.025,0.017,0.03,0.039,0.017,0.038,0.393,0.016,0.016,0.018,0.015,0.016,0.029,0.016,0.035,0.015,0.016,0.02,0.016,0.041,0.019,0.024,0.016,0.016,0.018,0.026,0.045,0.10977,0.03,0.022,0.022,0.016,0.018,0.061,0.021,0.016,0.03,0.018,0.032,0.023,0.057,0.014,0.036,0.021,0.031,0.046,0.048,0.021,0.038,0.04,0.048,0.027,0.037,0.034,0.041,0.052,0.032,0.028,0.022,0.049,0.03,0.052,0.027,0.03,0.017,0.016,0.015,0.021,0.054,0.015,0.013,0.018,0.013,0.027,0.03,0.047,0.048,0.016,0.028,0.023,0.016,0.02,0.031,0.035,0.032,0.026,0.051,0.039,0.025,0.045,0.026,0.04,0.043,0.027,0.032,0.054,0.048,0.034,0.024,0.016,0.017,0.015,0.016,0.038,0.058,0.021,0.027,0.025,0.015,0.016,0.048,0.031,0.026,0.05,0.036,0.041,0.043,0.037,0.037,0.03,0.016,0.015,0.025,0.016,0.043,0.051,0.031,0.015,0.016,0.016,0.029,0.038,0.333,0.017,0.016,0.027,0.03,0.015,0.039,0.027,0.016,0.032,0.453,0.015,0.016,0.019,0.049,0.016,0.016,0.031,0.016,0.016,0.043,0.044,0.024,0.016,0.028,0.016,0.029,0.095,0.038,0.026293,0.042,0.036,0.033,0.036,0.04,0.051,0.015,0.016,0.022,0.016,0.039,0.05,0.039,0.015,0.025,0.023,0.016,0.016,0.06,0.054,0.016,0.016,0.028,0.019,0.015,0.049,0.034,0.049,0.039,0.459,0.069,0.042,0.044,0.055,0.016,0.017,0.016,0.03,0.035,0.063,0.064,0.023,0.025,0.024,0.025,0.031,0.179,0.075,0.037,0.016,0.015,0.016,0.016,0.391,0.031,0.016,0.015,0.019,0.029,0.018,0.336
0.037,0.087,0.016,0.026,0.171,0.031,0.052,0.356,0.737,0.053,0.038,0.067,0.055,0.058,0.039,0.581,0.054,0.029,0.041,0.018,0.027,0.056,0.199,0.016,0.017,0.016,0.027,0.016,0.301,0.458,0.065,0.017,0.057,0.022,0.054,0.065,0.036,0.052,0.018,0.042,0.066,0.08,0.053,0.058,0.021,0.016,0.016,0.016,0.021,0.041,0.604,0.024,0.016,0.016,0.016,0.073,0.083,0.208,0.024,0.029,0.014,0.026,0.014,0.026,0.57,0.013,0.018,0.013,0.014,0.028,0.053,0.038,0.013,0.024,0.013,0.013,0.014,0.039,0.014,0.013,0.013,0.014,0.014,0.013,0.029,0.501,0.013,0.013,0.017,0.029,0.013,0.119,0.037,0.014,0.013,0.015,0.013,0.014,0.059,0.3,0.022,0.014,0.013,0.013,0.014,0.025,0.041,0.018,0.054,0.037,0.034,0.04,0.045,0.037,0.014,0.02,0.021,0.013,0.048,0.058,0.013,0.013,0.013,0.014,0.027,0.02,0.014,0.018,0.02,0.016,0.013,0.025,0.029,0.025,0.051,0.016,0.016,0.014,0.017,0.025,0.04,0.031,0.023,0.03,0.023,0.039,0.016,0.04,0.561,0.015,0.028,0.029,0.017,0.02,0.051,0.027,0.171,0.016,0.016,0.016,0.016,0.054,0.04,0.015,0.019,0.016,0.028,0.017,0.046,0.15759,0.015,0.016,0.016,0.021,0.03,0.049,0.032,0.026,0.016,0.029,0.016,0.023,0.05,0.02,0.387,0.031,0.024,0.037,0.047,0.03,0.044,0.037,0.057,0.037,0.037,0.016,0.024,0.024,0.016,0.016,0.028,0.228,0.017,0.062,0.03,0.019,0.03,0.028,0.02,0.03,0.04,0.016,0.018,0.024,0.016,0.014,0.013,0.049,0.052,0.018,0.016,0.016,0.031,0.029,0.037,0.027,0.303,0.028,0.042,0.052,0.024,0.059,0.021,0.043,0.026,0.043,0.042,0.039,0.039,0.277,0.016,0.022,0.023,0.03,0.016,0.044,0.042,0.03,0.016,0.023,0.017,0.027,0.039,0.048,0.021,0.041,0.033,0.055,0.037,0.036,0.045,0.017,0.03,0.029,0.022,0.016,0.042,0.04,0.017,0.016,0.016,0.016,0.02,0.051,0.547,0.031,0.016,0.019,0.016,0.016,0.04,0.02,0.024,0.016,0.453,0.016,0.016,0.028,0.045,0.018,0.016,0.016,0.031,0.03,0.048,0.416,0.016,0.03,0.019,0.023,0.017,0.105,0.04,0.028265,0.041,0.038,0.034,0.046,0.023,0.06,0.016,0.029,0.026,0.016,0.048,0.038,0.049,0.016,0.024,0.025,0.031,0.017,0.053,0.052,0.015,0.016,0.021,0.016,0.032,0.039,0.034,0.047,0.046,0.171,0.157,0.039,0.06,0.053,0.017,0.015,0.016,0.026,0.026,0.057,0.066,0.024,0.024,0.027,0.028,0.025,0.214,0.08,0.034,0.023,0.016,0.015,0.029,0.057,0.14,0.017,0.016,0.031,0.036,0.03,0.035
0.036,0.037,0.016,0.024,0.206,0.021,0.053,0.058,0.513,0.061,0.039,0.052,0.069,0.052,0.043,0.586,0.064,0.016,0.017,0.018,0.016,0.041,0.582,0.022,0.03,0.016,0.017,0.016,0.055,0.546,0.059,0.018,0.057,0.047,0.067,0.065,0.034,0.062,0.03,0.059,0.057,0.059,0.041,0.042,0.027,0.016,0.016,0.025,0.028,0.055,0.755,0.016,0.016,0.016,0.02,0.078,0.031,0.025,0.013,0.017,0.013,0.014,0.014,0.014,0.565,0.02,0.028,0.013,0.016,0.013,0.04,0.049,0.017,0.025,0.014,0.023,0.013,0.025,0.014,0.015,0.017,0.013,0.013,0.014,0.014,0.482,0.014,0.019,0.013,0.013,0.014,0.042,0.035,0.013,0.013,0.029,0.013,0.013,0.039,0.498,0.022,0.013,0.014,0.014,0.013,0.03,0.039,0.016,0.044,0.036,0.036,0.038,0.044,0.035,0.025,0.013,0.023,0.014,0.077,0.061,0.021,0.014,0.014,0.013,0.013,0.013,0.027,0.196,0.013,0.014,0.026,0.018,0.014,0.021,0.029,0.028,0.027,0.029,0.021,0.016,0.017,0.025,0.016,0.018,0.018,0.053,0.03,0.051,0.541,0.021,0.019,0.016,0.027,0.026,0.067,0.019,0.545,0.026,0.03,0.017,0.026,0.039,0.505,0.019,0.027,0.03,0.015,0.018,0.061,0.26066,0.016,0.022,0.021,0.026,0.016,0.042,0.017,0.021,0.016,0.016,0.016,0.015,0.044,0.364,0.259,0.026,0.017,0.04,0.059,0.017,0.029,0.021,0.047,0.033,0.025,0.023,0.03,0.024,0.015,0.019,0.015,0.558,0.016,0.043,0.04,0.015,0.016,0.018,0.027,0.028,0.039,0.032,0.025,0.013,0.027,0.016,0.017,0.058,0.041,0.027,0.016,0.022,0.016,0.016,0.035,0.038,0.578,0.042,0.037,0.04,0.021,0.046,0.015,0.049,0.028,0.028,0.028,0.037,0.048,0.535,0.018,0.026,0.025,0.018,0.031,0.051,0.04,0.016,0.02,0.016,0.033,0.02,0.035,0.039,0.016,0.04,0.041,0.038,0.038,0.049,0.038,0.016,0.017,0.018,0.015,0.018,0.047,0.016,0.015,0.019,0.031,0.016,0.016,0.04,0.549,0.016,0.018,0.016,0.016,0.027,0.047,0.015,0.022,0.015,0.549,0.016,0.027,0.016,0.038,0.027,0.023,0.016,0.016,0.015,0.036,0.54,0.015,0.016,0.016,0.024,0.016,0.056,0.049,0.025965,0.309,0.049,0.043,0.045,0.03,0.051,0.023,0.019,0.016,0.016,0.037,0.04,0.496,0.016,0.015,0.016,0.018,0.016,0.054,0.064,0.027,0.027,0.016,0.016,0.016,0.041,0.048,0.046,0.045,0.041,0.471,0.032,0.057,0.052,0.016,0.017,0.026,0.016,0.025,0.059,0.073,0.023,0.034,0.04,0.04,0.026,0.674,0.079,0.024,0.03,0.016,0.015,0.021,0.053,0.942,0.016,0.015,0.017,0.036,0.016,0.034
0.053,0.086,0.018,0.016,0.034,0.015,0.058,0.054,0.491,0.068,0.049,0.05,0.044,0.048,0.052,0.678,0.069,0.017,0.016,0.017,0.016,0.04,0.589,0.027,0.024,0.018,0.016,0.016,0.058,0.572,0.054,0.018,0.07,0.046,0.062,0.057,0.035,0.068,0.025,0.044,0.058,0.058,0.037,0.201,0.016,0.017,0.017,0.025,0.016,0.044,0.644,0.016,0.016,0.016,0.03,0.033,0.077,0.022,0.014,0.015,0.021,0.013,0.013,0.016,0.598,0.027,0.014,0.018,0.028,0.013,0.038,0.041,0.025,0.014,0.014,0.021,0.023,0.042,0.123,0.029,0.025,0.014,0.022,0.021,0.025,0.48,0.013,0.024,0.014,0.014,0.021,0.076,0.051,0.014,0.014,0.013,0.014,0.016,0.046,0.55,0.013,0.028,0.013,0.025,0.028,0.459,0.035,0.029,0.04,0.047,0.035,0.038,0.034,0.044,0.019,0.014,0.013,0.026,0.027,0.072,0.013,0.013,0.014,0.014,0.014,0.014,0.015,0.543,0.014,0.015,0.017,0.014,0.013,0.024,0.013,0.013,0.013,0.013,0.029,0.016,0.02,0.025,0.017,0.017,0.019,0.047,0.016,0.037,0.534,0.025,0.016,0.015,0.019,0.016,0.049,0.015,0.546,0.02,0.016,0.03,0.021,0.046,0.546,0.027,0.015,0.015,0.017,0.028,0.029,0.26784,0.03,0.025,0.025,0.016,0.016,0.055,0.446,0.016,0.027,0.015,0.03,0.022,0.053,0.56,0.014,0.022,0.013,0.043,0.043,0.031,0.44,0.031,0.05,0.038,0.03,0.057,0.064,0.038,0.031,0.029,0.022,0.562,0.027,0.033,0.027,0.03,0.017,0.015,0.015,0.044,0.055,0.015,0.013,0.018,0.013,0.028,0.042,0.047,0.024,0.016,0.03,0.025,0.015,0.016,0.032,0.033,0.562,0.042,0.054,0.038,0.025,0.045,0.022,0.036,0.045,0.027,0.035,0.053,0.046,0.548,0.028,0.016,0.015,0.016,0.017,0.04,0.052,0.017,0.029,0.022,0.016,0.016,0.043,0.041,0.02,0.055,0.041,0.034,0.051,0.042,0.026,0.015,0.015,0.016,0.016,0.028,0.048,0.016,0.016,0.029,0.016,0.032,0.016,0.038,0.547,0.015,0.03,0.016,0.023,0.019,0.047,0.019,0.016,0.016,0.493,0.03,0.021,0.016,0.038,0.016,0.024,0.021,0.015,0.016,0.035,0.54,0.03,0.016,0.019,0.015,0.045,0.093,0.034,0.025965,0.466,0.034,0.036,0.045,0.02,0.034,0.026,0.016,0.016,0.027,0.036,0.048,0.542,0.024,0.016,0.016,0.016,0.022,0.058,0.035,0.024,0.024,0.016,0.015,0.016,0.041,0.033,0.053,0.038,0.04,0.037,0.032,0.049,0.064,0.015,0.021,0.027,0.016,0.026,0.061,0.063,0.022,0.038,0.03,0.038,0.025,0.529,0.072,0.026,0.017,0.016,0.017,0.016,0.069,0.694,0.031,0.025,0.016,0.044,0.016,0.294
0.037,0.105,0.032,0.017,0.022,0.015,0.072,0.052,0.473,0.061,0.048,0.051,0.036,0.055,0.039,0.608,0.056,0.017,0.016,0.017,0.017,0.036,0.573,0.016,0.017,0.017,0.016,0.017,0.052,0.609,0.063,0.032,0.055,0.029,0.057,0.055,0.049,0.046,0.018,0.073,0.062,0.065,0.037,0.279,0.016,0.021,0.025,0.016,0.016,0.041,0.484,0.016,0.016,0.016,0.016,0.083,0.042,0.409,0.015,0.013,0.023,0.013,0.014,0.027,0.449,0.014,0.014,0.027,0.014,0.014,0.04,0.021,0.014,0.014,0.02,0.013,0.021,0.04,0.483,0.014,0.013,0.02,0.021,0.023,0.017,0.48,0.022,0.014,0.013,0.014,0.026,0.056,0.041,0.016,0.013,0.013,0.019,0.028,0.039,0.539,0.013,0.015,0.027,0.017,0.014,0.148,0.02,0.013,0.039,0.042,0.047,0.042,0.034,0.209,0.013,0.013,0.014,0.017,0.069,0.039,0.045,0.017,0.021,0.03,0.013,0.023,0.015,0.55,0.023,0.027,0.014,0.015,0.021,0.061,0.471,0.014,0.014,0.014,0.016,0.032,0.029,0.044,0.032,0.017,0.03,0.475,0.016,0.04,0.452,0.015,0.016,0.022,0.015,0.015,0.047,0.029,0.532,0.015,0.016,0.015,0.016,0.028,0.549,0.016,0.016,0.016,0.029,0.015,0.028,0.25684,0.016,0.015,0.016,0.02,0.032,0.047,0.552,0.023,0.019,0.032,0.018,0.024,0.026,0.556,0.025,0.04,0.028,0.035,0.045,0.053,0.569,0.032,0.049,0.069,0.039,0.037,0.049,0.022,0.015,0.015,0.027,0.556,0.019,0.049,0.031,0.018,0.03,0.027,0.02,0.054,0.037,0.018,0.018,0.025,0.017,0.013,0.016,0.051,0.028,0.015,0.016,0.016,0.031,0.031,0.041,0.026,0.561,0.043,0.04,0.053,0.054,0.06,0.025,0.052,0.027,0.044,0.038,0.037,0.038,0.53,0.016,0.018,0.021,0.028,0.016,0.044,0.016,0.034,0.015,0.027,0.016,0.024,0.045,0.052,0.026,0.041,0.032,0.043,0.036,0.036,0.354,0.027,0.015,0.015,0.023,0.016,0.039,0.028,0.028,0.015,0.016,0.016,0.016,0.036,0.63,0.016,0.016,0.031,0.023,0.016,0.035,0.028,0.016,0.031,0.479,0.017,0.016,0.024,0.05,0.016,0.015,0.025,0.024,0.023,0.049,0.555,0.016,0.022,0.027,0.016,0.111,0.078,0.094,0.023993,0.467,0.037,0.031,0.101,0.016,0.033,0.015,0.016,0.016,0.021,0.043,0.037,0.54,0.025,0.016,0.017,0.016,0.027,0.051,0.032,0.016,0.015,0.016,0.026,0.016,0.055,0.033,0.04,0.037,0.05,0.045,0.045,0.058,0.057,0.018,0.03,0.016,0.017,0.025,0.123,0.066,0.037,0.024,0.025,0.025,0.025,0.072,0.07,0.024,0.015,0.031,0.03,0.016,0.058,0.539,0.019,0.023,0.016,0.031,0.016,0.373
0.038,0.095,0.019,0.017,0.018,0.015,0.126,0.058,0.47,0.058,0.037,0.458,0.037,0.376,0.038,0.472,0.057,0.02,0.016,0.022,0.015,0.076,0.665,0.017,0.017,0.017,0.016,0.028,0.054,0.487,0.059,0.02,0.051,0.034,0.056,0.07,0.045,0.049,0.018,0.066,0.066,0.066,0.042,0.05,0.016,0.029,0.024,0.017,0.016,0.047,0.474,0.016,0.03,0.021,0.015,0.075,0.08,0.238,0.013,0.014,0.013,0.013,0.027,0.015,0.459,0.014,0.013,0.014,0.013,0.013,0.054,0.294,0.013,0.013,0.024,0.014,0.014,0.033,0.526,0.013,0.014,0.023,0.013,0.013,0.014,0.455,0.021,0.013,0.028,0.013,0.014,0.056,0.046,0.028,0.014,0.014,0.026,0.014,0.036,0.677,0.014,0.014,0.016,0.014,0.013,0.014,0.028,0.019,0.049,0.038,0.014,0.053,0.037,0.524,0.014,0.024,0.013,0.014,0.076,0.091,0.038,0.026,0.021,0.013,0.027,0.019,0.028,0.531,0.02,0.014,0.014,0.028,0.021,0.05,0.558,0.024,0.021,0.023,0.023,0.016,0.016,0.049,0.016,0.03,0.022,0.537,0.025,0.05,0.514,0.016,0.03,0.025,0.016,0.029,0.054,0.017,0.569,0.02,0.024,0.016,0.019,0.016,0.56,0.015,0.03,0.029,0.016,0.017,0.042,0.27262,0.015,0.019,0.018,0.027,0.016,0.043,0.551,0.024,0.016,0.015,0.016,0.016,0.016,0.552,0.017,0.022,0.032,0.047,0.051,0.039,0.546,0.023,0.023,0.049,0.027,0.038,0.048,0.026,0.015,0.021,0.016,0.549,0.015,0.04,0.034,0.016,0.016,0.019,0.027,0.047,0.039,0.031,0.025,0.013,0.026,0.015,0.018,0.06,0.033,0.03,0.015,0.021,0.016,0.016,0.028,0.04,0.573,0.056,0.038,0.042,0.044,0.044,0.015,0.04,0.026,0.027,0.028,0.036,0.049,0.595,0.015,0.031,0.027,0.02,0.028,0.051,0.02,0.016,0.018,0.016,0.029,0.023,0.036,0.039,0.016,0.04,0.036,0.039,0.037,0.041,0.556,0.021,0.03,0.027,0.023,0.015,0.039,0.018,0.019,0.015,0.015,0.016,0.032,0.053,0.477,0.031,0.016,0.016,0.016,0.019,0.037,0.021,0.027,0.016,0.485,0.016,0.016,0.023,0.037,0.027,0.016,0.016,0.034,0.023,0.042,0.637,0.015,0.024,0.015,0.031,0.1,0.103,0.502,0.029251,0.473,0.048,0.036,0.047,0.016,0.044,0.016,0.019,0.027,0.016,0.046,0.042,0.559,0.016,0.03,0.032,0.016,0.016,0.047,0.1,0.016,0.016,0.024,0.024,0.018,0.039,0.03,0.047,0.051,0.04,0.034,0.038,0.057,0.417,0.032,0.016,0.016,0.022,0.026,0.983,0.057,0.028,0.024,0.024,0.03,0.025,0.07,0.066,0.024,0.016,0.02,0.017,0.017,0.255,0.538,0.016,0.016,0.016,0.032,0.016,0.051
0.037,0.2,0.016,0.016,0.029,0.015,0.078,0.065,0.459,0.055,0.035,0.196,0.048,0.28,0.038,0.468,0.059,0.029,0.017,0.027,0.017,0.055,0.659,0.016,0.016,0.025,0.017,0.027,0.044,0.48,0.051,0.017,0.061,0.018,0.074,0.061,0.103,0.057,0.018,0.339,0.058,0.057,0.058,0.051,0.025,0.016,0.017,0.016,0.016,0.053,0.483,0.421,0.021,0.029,0.016,0.036,0.067,0.068,0.021,0.013,0.013,0.015,0.017,0.015,0.469,0.014,0.014,0.014,0.013,0.026,0.04,0.554,0.014,0.023,0.014,0.013,0.013,0.031,0.54,0.014,0.013,0.013,0.014,0.013,0.013,0.458,0.014,0.014,0.015,0.014,0.013,0.053,0.901,0.016,0.028,0.013,0.013,0.014,0.036,0.652,0.017,0.013,0.014,0.013,0.013,0.048,0.014,0.042,0.047,0.034,0.014,0.038,0.047,0.537,0.015,0.021,0.019,0.014,0.038,0.039,0.037,0.014,0.014,0.013,0.016,0.013,0.025,0.539,0.014,0.013,0.028,0.013,0.014,0.046,0.538,0.019,0.022,0.02,0.032,0.016,0.017,0.048,0.016,0.016,0.018,0.548,0.021,0.038,0.47,0.026,0.017,0.015,0.033,0.016,0.025,0.016,0.519,0.026,0.022,0.024,0.027,0.024,0.586,0.031,0.015,0.016,0.015,0.029,0.035,0.26784,0.031,0.028,0.028,0.022,0.016,0.056,0.603,0.015,0.023,0.016,0.028,0.021,0.04,0.51,0.014,0.021,0.477,0.038,0.023,0.042,0.55,0.044,0.037,0.048,0.032,0.056,0.061,0.036,0.03,0.027,0.021,0.514,0.027,0.037,0.021,0.029,0.016,0.016,0.021,0.041,0.054,0.019,0.013,0.017,0.013,0.029,0.03,0.045,0.024,0.015,0.031,0.026,0.016,0.016,0.045,0.031,0.382,0.042,0.054,0.042,0.05,0.041,0.019,0.038,0.041,0.029,0.049,0.052,0.045,0.487,0.032,0.016,0.016,0.016,0.02,0.039,0.291,0.016,0.031,0.02,0.02,0.016,0.038,0.038,0.015,0.055,0.045,0.035,0.048,0.046,0.547,0.015,0.017,0.019,0.016,0.021,0.052,0.021,0.015,0.016,0.024,0.016,0.016,0.038,0.473,0.016,0.016,0.015,0.016,0.027,0.051,0.116,0.02,0.016,0.482,0.015,0.024,0.016,0.052,0.019,0.027,0.016,0.015,0.016,0.041,0.456,0.024,0.016,0.016,0.016,0.131,0.105,0.541,0.026293,0.481,0.035,0.041,0.054,0.044,0.544,0.016,0.028,0.022,0.016,0.037,0.045,0.6,0.016,0.017,0.022,0.03,0.016,0.064,0.647,0.015,0.016,0.026,0.016,0.03,0.04,0.315,0.036,0.039,0.045,0.033,0.034,0.05,1.016,0.021,0.016,0.015,0.022,0.025,0.069,0.496,0.023,0.025,0.025,0.024,0.024,0.072,0.067,0.025,0.016,0.015,0.016,0.023,0.048,0.825,0.015,0.016,0.016,0.033,0.03,0.034
0.042,0.574,0.017,0.027,0.021,0.023,0.06,0.052,0.492,0.061,0.044,0.05,0.046,0.048,0.044,0.459,0.07,0.016,0.027,0.016,0.027,0.051,0.458,0.02,0.016,0.031,0.019,0.017,0.038,0.473,0.056,0.016,0.066,0.019,0.044,0.055,0.097,0.057,0.021,0.173,0.055,0.069,0.044,0.092,0.024,0.017,0.016,0.027,0.025,0.041,0.496,0.023,0.016,0.016,0.015,0.091,0.429,0.889,0.023,0.025,0.014,0.028,0.014,0.028,0.487,0.013,0.021,0.013,0.014,0.016,0.038,0.549,0.027,0.02,0.013,0.018,0.013,0.021,0.606,0.016,0.023,0.013,0.013,0.013,0.022,0.452,0.013,0.022,0.014,0.029,0.013,0.061,0.729,0.014,0.017,0.021,0.013,0.013,0.047,0.465,0.025,0.021,0.013,0.024,0.026,0.043,0.013,0.049,0.031,0.042,0.033,0.037,0.037,0.543,0.028,0.013,0.025,0.014,0.077,0.074,0.035,0.013,0.013,0.014,0.013,0.013,0.035,0.567,0.013,0.022,0.013,0.014,0.013,0.058,0.614,0.014,0.013,0.013,0.02,0.025,0.027,0.059,0.025,0.016,0.018,0.587,0.016,0.043,0.565,0.019,0.015,0.016,0.021,0.015,0.026,0.03,0.445,0.015,0.016,0.022,0.016,0.023,0.45,0.015,0.016,0.016,0.03,0.016,0.057,0.26401,0.016,0.016,0.016,0.034,0.032,0.049,0.51,0.02,0.023,0.031,0.02,0.026,0.052,0.461,0.029,0.036,0.566,0.036,0.026,0.051,0.623,0.05,0.025,0.059,0.037,0.037,0.03,0.023,0.017,0.015,0.028,0.084,0.02,0.034,0.047,0.019,0.031,0.025,0.022,0.053,0.038,0.015,0.018,0.026,0.019,0.013,0.016,0.047,0.023,0.016,0.015,0.015,0.03,0.031,0.054,0.026,0.037,0.044,0.039,0.057,0.053,0.052,0.029,0.054,0.035,0.063,0.065,0.036,0.062,0.14,0.016,0.016,0.018,0.026,0.016,0.048,0.557,0.031,0.016,0.03,0.016,0.021,0.05,0.145,0.031,0.036,0.033,0.038,0.043,0.035,0.599,0.015,0.016,0.016,0.015,0.025,0.043,0.02,0.016,0.027,0.023,0.023,0.016,0.036,0.471,0.016,0.031,0.021,0.029,0.016,0.038,0.455,0.016,0.018,0.13,0.028,0.023,0.016,0.514,0.015,0.019,0.027,0.016,0.016,0.392,0.474,0.023,0.016,0.029,0.015,0.088,0.064,0.552,0.025307,0.469,0.222,0.031,0.041,0.041,0.823,0.031,0.016,0.016,0.02,0.037,0.034,0.639,0.016,0.016,0.016,0.018,0.016,0.05,0.539,0.022,0.016,0.016,0.015,0.016,0.039,0.499,0.034,0.037,0.047,0.038,0.033,0.358,1.027,0.016,0.016,0.017,0.016,0.03,0.059,0.511,0.022,0.024,0.024,0.025,0.025,0.065,1.211,0.025,0.016,0.016,0.017,0.026,0.048,0.65,0.017,0.016,0.025,0.046,0.019,0.033
0.047,0.576,0.016,0.026,0.016,0.027,0.052,0.051,0.587,0.058,0.049,0.049,0.048,0.039,0.05,0.467,0.107,0.016,0.026,0.016,0.023,0.047,0.458,0.028,0.022,0.017,0.03,0.016,0.038,0.478,0.063,0.373,0.039,0.08,0.04,0.056,0.096,0.049,0.032,0.077,0.066,0.049,0.041,0.122,0.027,0.016,0.017,0.023,0.175,0.068,0.484,0.016,0.016,0.015,0.024,0.069,0.402,1.001,0.014,0.021,0.015,0.016,0.014,0.02,0.485,0.023,0.022,0.013,0.028,0.014,0.039,0.539,0.014,0.013,0.013,0.026,0.019,0.015,0.586,0.027,0.019,0.013,0.025,0.025,0.02,0.359,0.013,0.02,0.013,0.016,0.014,0.057,0.658,0.013,0.013,0.023,0.014,0.013,0.038,0.459,0.014,0.021,0.019,0.018,0.016,0.041,0.014,0.05,0.02,0.048,0.041,0.033,0.035,0.558,0.013,0.013,0.013,0.029,0.028,0.059,0.037,0.013,0.013,0.027,0.013,0.025,0.049,0.566,0.025,0.021,0.014,0.024,0.028,0.047,0.487,0.013,0.014,0.017,0.019,0.023,0.022,0.255,0.024,0.022,0.032,0.537,0.018,0.047,0.619,0.016,0.021,0.026,0.02,0.028,0.037,0.017,0.475,0.016,0.017,0.015,0.015,0.016,0.482,0.016,0.027,0.028,0.016,0.017,0.067,0.32834,0.016,0.016,0.016,0.019,0.017,0.041,0.471,0.027,0.016,0.016,0.015,0.016,0.044,0.523,0.013,0.021,0.559,0.049,0.033,0.042,0.467,0.047,0.023,0.033,0.034,0.037,0.023,0.028,0.015,0.022,0.016,0.041,0.015,0.027,0.048,0.016,0.016,0.022,0.025,0.043,0.037,0.031,0.025,0.013,0.025,0.014,0.019,0.056,0.033,0.029,0.016,0.02,0.017,0.016,0.061,0.045,0.063,0.054,0.038,0.042,0.042,0.038,0.016,0.039,0.046,0.044,0.055,0.037,0.144,0.029,0.016,0.032,0.03,0.022,0.027,0.052,0.572,0.019,0.015,0.016,0.023,0.026,0.037,0.449,0.015,0.032,0.034,0.051,0.037,0.035,0.571,0.024,0.016,0.015,0.024,0.016,0.04,0.031,0.025,0.019,0.016,0.025,0.016,0.039,0.482,0.017,0.016,0.025,0.016,0.015,0.037,0.448,0.015,0.028,0.04,0.02,0.016,0.023,0.543,0.02,0.017,0.019,0.024,0.031,0.251,0.468,0.015,0.028,0.017,0.025,0.076,0.036,0.54,0.021035,0.48,0.554,0.03,0.041,0.038,0.553,0.016,0.016,0.016,0.029,0.042,0.039,0.543,0.026,0.016,0.015,0.016,0.023,0.152,0.54,0.028,0.029,0.015,0.016,0.015,0.054,0.478,0.045,0.045,0.038,0.487,0.201,0.291,1.027,0.015,0.016,0.015,0.03,0.043,0.07,0.755,0.023,0.025,0.025,0.025,0.025,0.065,1.483,0.039,0.03,0.015,0.016,0.016,0.064,0.468,0.031,0.016,0.027,0.037,0.016,0.035
0.035,0.508,0.019,0.016,0.016,0.016,0.054,0.053,0.461,0.037,0.039,0.056,0.046,0.044,0.042,0.462,0.107,0.016,0.017,0.017,0.016,0.055,0.481,0.016,0.03,0.018,0.04,0.016,0.057,0.479,0.31,0.093,0.04,0.069,0.042,0.071,0.239,0.048,0.018,0.063,0.065,0.043,0.042,0.179,0.016,0.07,0.172,0.017,0.231,0.067,0.479,0.016,0.017,0.351,0.025,0.053,0.038,1.019,0.014,0.013,0.032,0.014,0.013,0.015,0.469,0.022,0.014,0.022,0.014,0.013,0.049,0.544,0.014,0.014,0.02,0.014,0.025,0.017,0.43,0.013,0.013,0.027,0.017,0.017,0.021,0.037,0.028,0.014,0.016,0.013,0.013,0.05,0.768,0.014,0.013,0.014,0.013,0.016,0.036,0.473,0.013,0.013,0.023,0.013,0.013,0.04,0.023,0.039,0.015,0.098,0.049,0.047,0.036,0.57,0.014,0.014,0.013,0.013,0.079,0.06,0.05,0.023,0.03,0.015,0.024,0.017,0.037,0.452,0.017,0.014,0.023,0.018,0.014,0.026,0.82,0.03,0.026,0.026,0.026,0.016,0.016,0.534,0.016,0.027,0.02,0.465,0.028,0.038,0.554,0.022,0.026,0.02,0.024,0.018,0.023,0.016,0.465,0.03,0.029,0.016,0.031,0.028,0.478,0.03,0.018,0.023,0.016,0.029,0.049,0.37832,0.03,0.031,0.03,0.016,0.016,0.055,0.479,0.016,0.019,0.015,0.025,0.019,0.088,0.431,0.014,0.023,0.483,0.023,0.023,0.047,0.477,0.061,0.311,0.042,0.055,0.041,0.04,0.035,0.029,0.026,0.021,0.041,0.026,0.039,0.041,0.029,0.016,0.015,0.016,0.052,0.053,0.017,0.013,0.016,0.013,0.03,0.029,0.037,0.489,0.017,0.029,0.028,0.016,0.016,0.057,0.022,0.13,0.044,0.057,0.044,0.047,0.043,0.016,0.043,0.189,0.045,0.066,0.054,0.038,0.057,0.031,0.017,0.016,0.016,0.022,0.043,0.636,0.015,0.033,0.018,0.026,0.016,0.037,0.452,0.016,0.045,0.048,0.037,0.04,0.048,0.486,0.024,0.029,0.027,0.022,0.015,0.04,0.015,0.022,0.016,0.015,0.016,0.022,0.11,0.429,0.031,0.015,0.016,0.016,0.029,0.048,0.449,0.029,0.016,0.04,0.016,0.016,0.023,0.531,0.026,0.015,0.016,0.022,0.02,0.222,0.464,0.016,0.018,0.016,0.022,0.077,0.042,0.506,0.032867,0.472,0.544,0.041,0.04,0.038,0.789,0.016,0.015,0.017,0.015,0.045,0.042,0.572,0.022,0.021,0.016,0.016,0.025,0.482,0.991,0.016,0.022,0.016,0.024,0.016,0.044,0.909,0.035,0.39,0.209,0.511,0.517,0.051,1.03,0.017,0.016,0.015,0.025,0.059,0.057,1.028,0.022,0.026,0.025,0.025,0.025,0.074,1.481,0.032,0.021,0.016,0.027,0.016,0.059,0.466,0.018,0.027,0.016,0.032,0.016,0.051
0.037,0.628,0.032,0.017,0.017,0.016,0.059,0.06,0.157,0.034,0.04,0.053,0.041,0.048,0.038,0.468,0.103,0.02,0.018,0.016,0.016,0.053,0.472,0.016,0.016,0.017,0.018,0.016,0.054,0.469,0.238,0.025,0.052,0.068,0.073,0.057,0.6,0.098,0.018,0.062,0.058,0.048,0.049,0.512,0.016,0.286,0.2,0.016,0.016,0.098,0.468,0.016,0.016,0.042,0.016,0.292,0.017,0.789,0.014,0.014,0.018,0.013,0.019,0.032,0.469,0.013,0.013,0.021,0.013,0.013,0.041,0.579,0.013,0.013,0.023,0.013,0.013,0.024,0.433,0.013,0.014,0.015,0.014,0.014,0.208,0.045,0.014,0.013,0.027,0.013,0.013,0.05,0.644,0.013,0.013,0.013,0.025,0.028,0.034,0.477,0.013,0.014,0.013,0.014,0.014,0.049,0.03,0.033,0.51,0.019,0.037,0.039,0.05,0.434,0.013,0.023,0.014,0.013,0.072,0.227,0.034,0.02,0.013,0.014,0.018,0.014,0.035,0.449,0.013,0.013,0.019,0.014,0.013,0.036,0.666,0.013,0.017,0.014,0.024,0.017,0.028,0.538,0.016,0.016,0.018,0.476,0.016,0.047,0.186,0.03,0.015,0.016,0.021,0.015,0.024,0.036,0.216,0.015,0.016,0.03,0.015,0.019,0.478,0.016,0.016,0.024,0.03,0.021,0.053,0.29606,0.016,0.016,0.016,0.031,0.032,0.049,0.174,0.017,0.028,0.031,0.023,0.027,0.055,0.028,0.028,0.046,0.464,0.03,0.028,0.056,0.19,0.026,0.158,0.048,0.057,0.017,0.031,0.028,0.018,0.016,0.027,0.036,0.021,0.023,0.05,0.019,0.031,0.033,0.04,0.148,0.04,0.016,0.019,0.026,0.02,0.013,0.016,0.042,0.538,0.015,0.017,0.015,0.029,0.03,0.049,0.053,0.553,0.14,0.042,0.059,0.05,0.053,0.032,0.051,0.449,0.057,0.06,0.035,0.04,0.044,0.016,0.016,0.016,0.024,0.016,0.053,0.462,0.029,0.016,0.03,0.016,0.018,0.052,0.505,0.029,0.036,0.033,0.036,0.051,0.622,0.467,0.015,0.018,0.019,0.016,0.024,0.052,0.394,0.016,0.015,0.015,0.016,0.026,0.685,0.342,0.016,0.019,0.016,0.022,0.017,0.042,0.451,0.018,0.015,0.047,0.016,0.024,0.016,0.627,0.015,0.031,0.019,0.016,0.03,0.277,0.187,0.03,0.016,0.022,0.015,0.09,0.037,0.475,0.025965,0.205,0.544,0.035,0.053,0.386,0.813,0.015,0.027,0.03,0.016,0.035,0.037,0.557,0.016,0.027,0.029,0.016,0.017,0.119,1.001,0.016,0.016,0.016,0.025,0.022,0.041,1.017,0.033,0.24,0.979,0.055,0.509,0.42,0.701,0.016,0.027,0.03,0.016,0.06,0.058,1.023,0.035,0.026,0.03,0.025,0.027,0.071,1.488,0.026,0.016,0.03,0.024,0.016,0.052,0.468,0.016,0.023,0.017,0.036,0.015,0.042
0.037,0.471,0.018,0.016,0.316,0.015,0.059,0.05,0.037,0.033,0.04,0.052,0.055,0.05,0.06,0.33,0.114,0.029,0.016,0.016,0.016,0.048,0.464,0.016,0.017,0.016,0.017,0.016,0.044,0.47,0.071,0.026,0.044,0.065,0.055,0.055,0.582,0.075,0.018,0.065,0.059,0.057,0.16,0.577,0.034,0.016,0.017,0.016,0.016,0.4,0.314,0.016,0.016,0.025,0.016,0.203,0.014,0.531,0.013,0.014,0.022,0.014,0.024,0.047,0.476,0.014,0.014,0.013,0.014,0.026,0.033,0.478,0.022,0.028,0.014,0.013,0.013,0.013,0.459,0.013,0.018,0.013,0.013,0.013,0.351,0.044,0.013,0.013,0.014,0.014,0.026,0.059,0.464,0.014,0.014,0.013,0.022,0.015,0.045,0.49,0.019,0.016,0.014,0.022,0.026,0.041,0.038,0.03,0.553,0.014,0.038,0.035,0.034,0.465,0.024,0.02,0.021,0.013,0.066,0.462,0.036,0.013,0.013,0.013,0.014,0.013,0.041,0.459,0.014,0.028,0.014,0.015,0.021,0.015,0.629,0.013,0.014,0.013,0.016,0.031,0.051,0.571,0.033,0.016,0.018,0.471,0.015,0.051,0.132,0.015,0.016,0.016,0.021,0.023,0.037,0.111,0.124,0.015,0.016,0.016,0.016,0.038,0.271,0.016,0.023,0.027,0.015,0.023,0.056,0.25947,0.016,0.015,0.016,0.017,0.017,0.043,0.086,0.03,0.015,0.016,0.016,0.016,0.016,0.014,0.027,0.29,0.468,0.017,0.041,0.265,0.057,0.029,0.018,0.046,0.145,0.016,0.039,0.043,0.015,0.023,0.016,0.05,0.016,0.042,0.503,0.015,0.015,0.016,0.047,0.063,0.07,0.031,0.025,0.014,0.024,0.014,0.019,0.054,0.545,0.027,0.016,0.019,0.019,0.018,0.066,0.053,0.323,0.144,0.042,0.041,0.039,0.277,0.016,0.038,0.264,0.171,0.123,0.036,0.056,0.047,0.016,0.028,0.032,0.024,0.026,0.46,0.769,0.021,0.016,0.016,0.017,0.029,0.04,0.489,0.018,0.033,0.033,0.047,0.047,0.383,0.82,0.021,0.015,0.016,0.015,0.022,0.035,0.556,0.015,0.02,0.032,0.016,0.016,0.446,0.426,0.015,0.029,0.027,0.024,0.016,0.036,0.533,0.016,0.023,0.329,0.023,0.023,0.016,0.448,0.016,0.016,0.027,0.016,0.016,0.235,0.045,0.016,0.02,0.024,0.017,0.076,0.158,0.478,0.023007,0.047,0.533,0.031,0.054,0.556,0.627,0.026,0.022,0.016,0.016,0.034,0.043,0.565,0.016,0.016,0.024,0.03,0.015,0.046,0.649,0.016,0.016,0.03,0.016,0.026,0.037,1.021,0.033,0.037,1.035,0.034,0.076,1.011,0.48,0.017,0.025,0.023,0.016,0.078,0.061,1.02,0.03,0.029,0.04,0.031,0.037,0.064,1.476,0.025,0.015,0.021,0.016,0.016,0.059,0.469,0.017,0.016,0.017,0.073,0.027,0.033
0.048,0.465,0.016,0.017,0.425,0.016,0.049,0.047,0.04,0.042,0.057,0.047,0.039,0.063,0.476,0.034,0.057,0.017,0.017,0.032,0.015,0.048,0.464,0.024,0.017,0.061,0.016,0.017,0.042,0.477,0.052,0.016,0.041,0.055,0.051,0.062,0.68,0.058,0.018,0.045,0.069,0.403,0.316,0.58,0.025,0.016,0.017,0.024,0.016,0.057,0.044,0.027,0.032,0.024,0.015,0.058,0.013,0.482,0.029,0.013,0.013,0.015,0.014,0.533,0.279,0.014,0.016,0.014,0.015,0.017,0.033,0.47,0.02,0.016,0.013,0.013,0.014,0.026,0.472,0.022,0.023,0.013,0.016,0.017,0.018,0.037,0.014,0.026,0.013,0.013,0.023,0.05,0.472,0.027,0.022,0.013,0.013,0.013,0.057,0.476,0.024,0.025,0.017,0.019,0.015,0.037,0.038,0.028,0.075,0.031,0.194,0.036,0.036,0.471,0.02,0.014,0.022,0.024,0.054,0.117,0.038,0.013,0.013,0.027,0.013,0.028,0.044,0.446,0.028,0.015,0.014,0.027,0.021,0.014,0.597,0.022,0.013,0.028,0.021,0.016,0.038,0.627,0.016,0.027,0.034,0.485,0.029,0.044,0.688,0.088,0.028,0.03,0.02,0.022,0.032,0.455,0.486,0.028,0.027,0.015,0.025,0.054,0.211,0.029,0.022,0.016,0.016,0.026,0.044,0.47374,0.03,0.031,0.031,0.016,0.015,0.058,0.539,0.016,0.016,0.016,0.022,0.019,0.024,0.016,0.04,0.299,0.182,0.035,0.039,0.095,0.634,0.035,0.038,0.055,0.54,0.049,0.048,0.517,0.029,0.025,0.021,0.035,0.025,0.057,0.555,0.03,0.016,0.024,0.036,0.041,0.049,0.018,0.013,0.015,0.013,0.03,0.028,0.225,0.573,0.019,0.027,0.03,0.015,0.016,0.047,0.238,0.098,0.042,0.059,0.044,0.234,0.83,0.016,0.271,0.126,0.31,0.572,0.053,0.04,0.051,0.029,0.02,0.016,0.016,0.022,0.279,0.29,0.016,0.032,0.017,0.032,0.016,0.037,0.66,0.016,0.041,0.457,0.04,0.597,0.041,0.987,0.124,0.015,0.015,0.027,0.016,0.036,0.55,0.023,0.028,0.016,0.03,0.016,0.204,0.15,0.016,0.016,0.019,0.015,0.024,0.441,0.45,0.015,0.024,0.038,0.024,0.016,0.023,0.451,0.027,0.015,0.016,0.03,0.027,0.201,0.034,0.016,0.026,0.016,0.03,0.076,0.596,0.48,0.022021,0.041,0.47,0.029,0.03,0.307,0.46,0.022,0.016,0.015,0.029,0.037,0.041,0.411,0.016,0.016,0.016,0.018,0.016,0.059,0.444,0.015,0.015,0.021,0.016,0.016,0.043,1.01,0.048,0.045,1.013,0.049,0.061,1.028,0.525,0.031,0.015,0.016,0.017,0.067,0.074,1.032,0.023,0.041,0.029,0.04,0.045,0.059,1.479,0.025,0.016,0.016,0.017,0.032,0.06,0.465,0.016,0.016,0.017,0.065,0.023,0.031
0.04,0.457,0.016,0.025,0.057,0.016,0.051,0.05,0.083,0.046,0.07,0.053,0.042,0.058,0.092,0.032,0.04,0.016,0.017,0.018,0.017,0.058,0.477,0.024,0.018,0.458,0.017,0.032,0.044,0.476,0.053,0.017,0.422,0.055,0.255,0.067,0.638,0.057,0.332,0.044,0.059,0.141,0.054,0.652,0.016,0.017,0.016,0.025,0.026,0.066,0.07,0.023,0.018,0.016,0.016,0.084,0.021,0.489,0.015,0.019,0.015,0.029,0.014,0.444,0.035,0.016,0.027,0.014,0.027,0.013,0.042,0.467,0.013,0.013,0.013,0.027,0.021,0.047,0.466,0.02,0.014,0.022,0.026,0.025,0.276,0.038,0.021,0.017,0.013,0.026,0.014,0.039,0.499,0.02,0.023,0.028,0.014,0.014,0.446,0.474,0.013,0.014,0.024,0.014,0.013,0.253,0.122,0.502,0.078,0.016,0.106,0.342,0.395,0.664,0.013,0.013,0.013,0.03,0.059,0.049,0.132,0.015,0.025,0.017,0.02,0.013,0.083,0.039,0.014,0.013,0.029,0.014,0.014,0.378,0.279,0.022,0.03,0.016,0.029,0.016,0.039,0.456,0.016,0.022,0.019,0.468,0.017,0.105,0.339,0.229,0.018,0.016,0.027,0.016,0.038,0.049,0.055,0.017,0.019,0.027,0.022,0.045,0.578,0.016,0.016,0.029,0.03,0.018,0.055,0.34006,0.016,0.016,0.016,0.032,0.031,0.209,0.287,0.016,0.031,0.03,0.025,0.027,0.023,0.029,0.124,0.025,0.048,0.041,0.045,0.038,0.039,0.023,0.042,0.553,0.218,0.045,0.035,0.425,0.018,0.015,0.028,0.047,0.023,0.145,0.117,0.019,0.032,0.023,0.257,0.366,0.168,0.016,0.018,0.028,0.022,0.013,0.016,0.321,0.47,0.015,0.019,0.016,0.029,0.028,0.2,0.336,0.058,0.048,0.128,0.059,0.537,0.297,0.031,0.163,0.043,0.048,0.47,0.037,0.038,0.256,0.018,0.016,0.015,0.028,0.016,0.458,0.567,0.026,0.017,0.031,0.015,0.015,0.046,0.17,0.025,0.04,0.319,0.216,0.348,0.059,0.31,0.086,0.029,0.028,0.019,0.015,0.038,0.586,0.024,0.015,0.015,0.017,0.016,0.27,0.04,0.031,0.016,0.016,0.016,0.022,0.743,0.84,0.031,0.016,0.361,0.016,0.016,0.023,0.537,0.018,0.024,0.015,0.016,0.02,0.051,0.034,0.026,0.016,0.016,0.016,0.088,0.175,0.465,0.033524,0.041,0.479,0.046,0.016,0.129,0.474,0.015,0.015,0.016,0.018,0.043,0.06,0.175,0.03,0.016,0.016,0.016,0.024,0.564,0.491,0.032,0.016,0.015,0.016,0.016,0.041,0.627,0.033,0.034,0.963,0.031,0.071,0.917,0.513,0.02,0.016,0.015,0.016,0.062,0.064,0.787,0.023,0.032,0.025,0.032,0.36,0.072,0.939,0.025,0.016,0.016,0.016,0.018,0.052,0.486,0.032,0.017,0.016,0.051,0.016,0.035
0.035,0.526,0.016,0.03,0.053,0.031,0.06,0.209,0.054,0.036,0.052,0.058,0.053,0.06,0.035,0.047,0.042,0.016,0.032,0.022,0.027,0.052,0.482,0.017,0.017,0.061,0.016,0.02,0.05,0.355,0.061,0.016,0.21,0.034,0.332,0.263,0.492,0.067,0.207,0.056,0.054,0.058,0.054,0.639,0.016,0.017,0.016,0.016,0.024,0.052,0.05,0.016,0.016,0.016,0.025,0.063,0.158,0.487,0.014,0.026,0.028,0.013,0.013,0.065,0.072,0.027,0.014,0.019,0.138,0.013,0.434,0.472,0.013,0.014,0.02,0.016,0.021,0.033,0.462,0.014,0.013,0.02,0.013,0.013,0.391,0.304,0.026,0.014,0.023,0.113,0.013,0.269,0.47,0.014,0.023,0.021,0.019,0.014,0.218,0.758,0.018,0.019,0.019,0.016,0.018,0.091,0.314,0.335,0.048,0.137,0.04,0.173,0.143,0.821,0.014,0.017,0.014,0.014,0.089,0.051,0.5,0.054,0.018,0.019,0.024,0.013,0.143,0.048,0.019,0.018,0.013,0.014,0.013,0.476,0.159,0.016,0.014,0.019,0.017,0.026,0.053,0.469,0.029,0.021,0.019,0.241,0.021,0.307,0.054,0.069,0.016,0.015,0.184,0.019,0.298,0.333,0.238,0.016,0.015,0.019,0.017,0.056,0.046,0.021,0.027,0.015,0.022,0.027,0.053,0.2157,0.021,0.018,0.021,0.016,0.019,0.479,0.081,0.031,0.015,0.017,0.016,0.016,0.204,0.026,0.035,0.025,0.164,0.052,0.148,0.044,0.049,0.055,0.366,0.163,0.164,0.263,0.404,0.056,0.016,0.024,0.015,0.037,0.015,0.043,0.047,0.021,0.016,0.016,0.111,0.385,0.305,0.03,0.026,0.013,0.026,0.014,0.02,0.464,0.482,0.024,0.016,0.025,0.06,0.021,0.612,0.043,0.057,0.05,0.079,0.042,0.314,0.165,0.018,0.039,0.068,0.047,0.052,0.037,0.055,0.139,0.063,0.025,0.033,0.027,0.025,0.05,0.377,0.024,0.016,0.016,0.016,0.032,0.326,0.017,0.022,0.033,0.032,0.619,0.155,0.036,0.205,0.025,0.019,0.018,0.016,0.027,0.344,0.536,0.021,0.016,0.017,0.017,0.031,0.475,0.049,0.016,0.023,0.017,0.031,0.015,0.194,0.721,0.016,0.016,0.166,0.016,0.029,0.016,0.492,0.021,0.023,0.029,0.016,0.14,0.035,0.204,0.02,0.016,0.031,0.016,0.077,0.153,0.468,0.025965,0.05,0.487,0.029,0.031,0.383,0.463,0.016,0.018,0.026,0.016,0.107,0.184,0.563,0.019,0.026,0.016,0.016,0.025,0.274,0.53,0.019,0.029,0.016,0.021,0.015,0.053,0.498,0.033,0.05,0.526,0.09,0.054,0.582,0.531,0.016,0.015,0.016,0.015,0.071,0.13,0.6,0.022,0.027,0.203,0.025,0.126,0.065,0.538,0.026,0.023,0.017,0.017,0.016,0.055,0.529,0.019,0.016,0.031,0.055,0.015,0.049
0.074,0.263,0.016,0.017,0.078,0.02,0.058,0.537,0.047,0.389,0.049,0.107,0.071,0.057,0.043,0.086,0.054,0.018,0.017,0.62,0.023,0.36,0.073,0.016,0.027,0.031,0.016,0.015,0.106,0.042,0.059,0.016,0.055,0.034,0.051,0.08,0.068,0.063,0.017,0.045,0.048,0.041,0.07,0.078,0.02,0.03,0.025,0.015,0.015,0.048,0.048,0.017,0.016,0.016,0.024,0.057,0.404,0.484,0.013,0.014,0.015,0.014,0.019,0.057,0.072,0.014,0.014,0.075,0.377,0.013,0.662,0.481,0.023,0.015,0.023,0.013,0.013,0.035,0.627,0.013,0.015,0.013,0.013,0.013,0.346,0.039,0.013,0.018,0.119,0.682,0.013,0.614,0.543,0.456,0.219,0.018,0.062,0.362,0.151,0.703,0.588,0.019,0.108,0.029,0.029,0.438,0.146,0.23,0.037,0.44,0.041,0.255,0.225,0.515,0.062,0.028,0.018,0.04,0.032,0.021,0.045,0.515,0.019,0.031,0.019,0.019,0.042,0.12,0.025,0.03,0.025,0.407,0.035,0.279,0.04,0.016,0.02,0.022,0.017,0.057,0.044,0.47,0.149,0.18,0.627,0.099,0.607,0.045,0.039,0.196,0.018,0.034,0.187,0.027,0.831,0.287,0.173,0.023,0.023,0.021,0.346,0.118,0.262,0.03,0.024,0.034,0.016,0.023,0.38,0.25301,0.031,0.032,0.031,0.022,0.122,0.134,0.058,0.021,0.021,0.026,0.099,0.151,0.43,0.048,0.052,0.243,0.086,0.053,0.05,0.05,0.049,0.054,0.423,0.03,0.115,0.341,0.502,0.045,0.033,0.132,0.026,0.04,0.033,0.051,0.054,0.102,0.022,0.042,0.038,0.14,0.043,0.02,0.018,0.047,0.089,0.485,0.033,0.035,0.561,0.028,0.508,0.278,0.498,0.118,0.046,0.049,0.045,0.041,0.209,0.042,0.058,0.046,0.015,0.182,0.05,0.058,0.276,0.421,0.038,0.041,0.405,0.028,0.021,0.108,0.029,0.055,0.359,0.021,0.042,0.025,0.036,0.324,0.025,0.047,0.021,0.036,0.044,0.064,0.04,0.044,0.108,0.037,0.022,0.021,0.022,0.02,0.624,1.055,0.099,0.243,0.541,0.07,0.017,0.152,0.042,0.021,0.03,0.034,0.021,0.025,0.196,0.504,0.162,0.262,0.179,0.054,0.025,0.016,0.314,0.139,0.471,0.142,0.022,0.078,0.042,0.038,0.103,0.073,0.458,0.519,0.124,0.156,0.461,0.020706,0.034,0.468,0.036,0.017,0.206,0.466,0.019,0.031,0.023,0.016,0.941,0.706,0.129,0.016,0.022,0.032,0.015,0.126,0.103,0.563,0.016,0.022,0.016,0.03,0.024,0.058,0.538,0.065,0.093,0.524,0.11,0.177,0.519,0.526,0.015,0.016,0.016,0.017,0.285,0.323,0.524,0.023,0.097,0.389,0.026,0.045,0.103,0.565,0.026,0.03,0.016,0.031,0.017,0.099,0.534,0.016,0.026,0.021,0.042,0.017,0.067
0.317,0.631,0.032,0.017,0.1,0.016,0.106,0.289,0.047,0.09,0.167,0.121,0.054,0.101,0.161,0.116,0.044,0.03,0.016,0.481,0.017,0.469,0.192,0.016,0.026,0.02,0.029,0.015,0.654,0.07,0.053,0.015,0.053,0.02,0.051,0.06,0.065,0.057,0.018,0.044,0.047,0.041,0.055,0.032,0.027,0.019,0.023,0.016,0.015,0.057,0.062,0.016,0.016,0.016,0.015,0.074,0.037,0.056,0.013,0.013,0.013,0.013,0.024,0.063,0.307,0.012,0.013,0.015,0.012,0.029,0.273,0.152,0.018,0.028,0.013,0.013,0.013,0.233,0.13,0.014,0.026,0.012,0.013,0.013,0.118,0.223,0.244,0.194,0.603,0.277,0.085,0.103,0.26,0.504,0.53,0.17,0.382,0.563,0.314,0.331,0.266,0.023,0.337,0.016,0.013,0.305,0.033,0.056,0.035,0.049,0.041,0.42,0.407,0.058,0.414,0.151,0.03,0.303,0.364,0.013,0.328,0.254,0.192,0.317,0.065,0.023,0.033,0.233,0.016,0.014,0.029,0.263,0.013,0.052,0.294,0.507,0.028,0.353,0.038,0.439,0.041,0.2,0.053,0.197,0.582,0.038,0.564,0.046,0.033,0.15,0.025,0.679,0.017,0.527,0.421,0.064,0.132,0.022,0.078,0.205,0.439,0.189,0.193,0.599,0.27,0.069,0.159,0.017,0.495,0.11718,0.123,0.131,0.045,0.109,0.551,0.038,0.041,0.13,0.465,0.496,0.132,0.563,0.033,0.05,0.034,0.084,0.214,0.047,0.05,0.04,0.038,0.168,0.067,0.062,0.211,0.073,0.059,0.048,0.383,0.195,0.036,0.045,0.024,0.041,0.049,0.317,0.139,0.351,0.054,0.041,0.062,0.015,0.449,0.464,0.234,0.264,0.611,0.05,0.465,0.417,0.27,0.548,0.3,0.554,0.212,0.054,0.059,0.054,0.204,0.059,0.043,0.052,0.03,0.177,0.044,0.05,0.19,0.098,0.039,0.041,0.048,0.15,0.351,0.427,0.015,0.063,0.059,0.099,0.017,0.219,0.269,0.563,0.286,0.054,0.079,0.046,0.037,0.035,0.046,0.04,0.199,0.05,0.146,0.115,0.419,0.425,0.141,0.41,0.085,0.44,0.384,0.169,0.015,0.062,0.038,0.242,0.016,0.5,0.335,0.637,0.268,0.047,0.567,0.545,0.153,0.609,0.125,0.038,0.033,0.027,0.293,0.519,0.025,0.2,0.094,0.084,0.486,0.175,0.516,0.352,0.47,0.144,0.061,0.024321,0.032,0.173,0.066,0.016,0.04,0.632,0.028,0.015,0.015,0.022,0.555,0.422,0.375,0.015,0.015,0.016,0.031,0.046,0.145,0.629,0.015,0.015,0.018,0.015,0.024,0.058,0.125,0.101,0.107,0.142,0.293,0.618,0.131,0.15,0.016,0.017,0.015,0.025,0.076,0.739,0.141,0.024,0.054,0.026,0.025,0.027,0.672,0.156,0.036,0.015,0.029,0.019,0.015,0.126,0.278,0.017,0.026,0.015,0.045,0.02,0.069
0.574,0.121,0.018,0.016,0.397,0.016,0.402,0.18,0.148,0.025,0.688,0.141,0.107,0.112,0.2,0.137,0.042,0.016,0.016,0.221,0.014,0.335,0.144,0.025,0.016,0.017,0.022,0.015,0.169,0.07,0.222,0.031,0.055,0.02,0.06,0.343,0.434,0.054,0.018,0.048,0.044,0.044,0.318,0.059,0.016,0.016,0.015,0.022,0.008,0.043,0.046,0.016,0.039,0.03,0.015,0.052,0.039,0.076,0.027,0.014,0.013,0.013,0.013,0.053,0.5,0.014,0.018,0.013,0.022,0.012,0.202,0.07,0.013,0.123,0.012,0.013,0.012,0.042,0.246,0.026,0.013,0.019,0.026,0.028,0.015,0.157,0.52,0.333,0.093,0.086,0.737,0.074,0.054,0.234,0.035,0.365,0.087,0.016,0.175,0.061,0.187,0.349,0.035,0.013,0.114,0.257,0.114,0.045,0.052,0.013,0.057,0.262,0.236,0.032,0.015,0.27,0.013,0.638,0.548,0.013,0.162,0.044,0.161,0.348,0.317,0.014,0.049,0.039,0.044,0.116,0.016,0.391,0.013,0.041,0.207,0.174,0.254,0.705,0.018,0.024,0.041,0.102,0.071,0.059,0.123,0.044,0.02,0.043,0.048,0.145,0.015,0.228,0.074,0.401,0.153,0.048,0.192,0.015,0.368,0.295,0.353,0.085,0.191,0.442,0.205,0.022,0.436,0.029,0.094,0.093025,0.03,0.018,0.106,0.032,0.333,0.049,0.045,0.025,0.107,0.18,0.025,0.263,0.162,0.041,0.045,0.042,0.19,0.043,0.038,0.046,0.054,0.06,0.051,0.047,0.198,0.038,0.056,0.116,0.287,0.032,0.614,0.035,0.016,0.046,0.134,0.021,0.018,0.296,0.038,0.051,0.226,0.028,0.339,0.017,0.166,0.079,0.374,0.043,0.057,0.461,0.212,0.101,0.164,0.261,0.208,0.035,0.05,0.047,0.197,0.197,0.039,0.051,0.041,0.19,0.051,0.041,0.099,0.037,0.052,0.052,0.468,0.633,0.722,0.112,0.026,0.043,0.084,0.23,0.315,0.437,0.371,0.06,0.272,0.042,0.357,0.031,0.032,0.053,0.045,0.038,0.19,0.035,0.293,0.09,0.096,0.508,0.035,0.034,0.056,0.019,0.019,0.016,0.016,0.032,0.038,0.179,0.378,0.244,0.318,0.336,0.043,0.041,0.167,0.028,0.048,0.147,0.031,0.022,0.047,0.066,0.188,0.168,0.021,0.15,0.069,0.042,0.039,0.055,0.032,0.025,0.085,0.267,0.051,0.034839,0.044,0.041,0.094,0.016,0.106,0.311,0.015,0.015,0.015,0.025,0.106,0.1,0.222,0.017,0.014,0.015,0.017,0.015,0.129,0.353,0.015,0.016,0.031,0.015,0.015,0.061,0.093,0.081,0.093,0.446,0.367,0.527,0.538,0.355,0.015,0.03,0.014,0.028,0.083,0.277,0.48,0.037,0.026,0.026,0.024,0.027,0.463,0.138,0.034,0.015,0.022,0.016,0.024,0.238,0.373,0.016,0.064,0.016,0.033,0.029,0.528
0.373,0.117,0.016,0.016,0.286,0.015,0.144,0.963,0.399,0.034,0.214,0.133,0.143,0.128,0.194,0.465,0.207,0.016,0.015,0.151,0.016,0.14,0.199,0.024,0.019,0.022,0.017,0.016,0.115,0.647,0.666,0.022,0.313,0.02,0.589,0.336,0.72,0.082,0.028,0.134,0.198,0.036,0.555,0.052,0.021,0.016,0.018,0.026,0.011,0.034,0.053,0.031,0.571,0.018,0.02,0.057,0.049,0.471,0.016,0.013,0.014,0.028,0.013,0.48,0.068,0.017,0.025,0.013,0.019,0.013,0.429,0.043,0.018,0.092,0.018,0.02,0.027,0.232,0.239,0.013,0.018,0.027,0.02,0.013,0.304,0.208,0.014,0.014,0.06,0.078,0.365,0.074,0.052,0.052,0.382,0.175,0.221,0.168,0.178,0.066,0.021,0.207,0.18,0.233,0.406,0.396,0.283,0.033,0.039,0.013,0.237,0.214,0.201,0.04,0.332,0.072,0.013,0.167,0.255,0.016,0.172,0.045,0.472,0.053,0.463,0.014,0.034,0.035,0.294,0.63,0.728,0.057,0.307,0.038,0.175,0.014,0.29,0.069,0.025,0.04,0.153,0.042,0.043,0.066,0.216,0.046,0.043,0.043,0.034,0.199,0.015,0.03,0.036,0.027,0.232,0.052,0.057,0.02,0.092,0.123,0.032,0.04,0.113,0.042,0.017,0.033,0.1,0.02,0.034,0.057632,0.018,0.151,0.023,0.296,0.029,0.044,0.046,0.033,0.16,0.025,0.09,0.033,0.099,0.047,0.052,0.035,0.23,0.045,0.039,0.043,0.046,0.044,0.059,0.071,0.05,0.052,0.046,0.037,0.067,0.038,0.223,0.05,0.031,0.04,0.15,0.195,0.033,0.015,0.04,0.044,0.213,0.02,0.059,0.079,0.14,0.028,0.025,0.036,0.243,0.02,0.028,0.087,0.03,0.034,0.18,0.039,0.043,0.039,0.057,0.361,0.055,0.058,0.04,0.249,0.035,0.085,0.056,0.052,0.036,0.039,0.079,0.287,0.26,0.147,0.021,0.051,0.131,0.062,0.081,0.047,0.033,0.019,0.184,0.055,0.018,0.033,0.042,0.04,0.032,0.049,0.039,0.034,0.016,0.049,0.254,0.02,0.038,0.049,0.026,0.089,0.326,0.058,0.027,0.047,0.043,0.099,0.065,0.11,0.017,0.028,0.05,0.034,0.057,0.079,0.186,0.057,0.125,0.015,0.033,0.032,0.041,0.02,0.033,0.181,0.036,0.059,0.251,0.034,0.101,0.092,0.128,0.235,0.091,0.023993,0.312,0.151,0.092,0.028,0.522,0.153,0.016,0.015,0.016,0.015,0.377,0.107,0.2,0.69,0.015,0.015,0.018,0.022,0.18,0.115,0.156,0.017,0.015,0.015,0.015,0.094,0.608,0.101,0.119,0.581,0.116,0.153,0.654,0.161,0.015,0.018,0.031,0.017,0.052,0.15,0.709,0.026,0.026,0.027,0.025,0.026,0.321,0.551,0.024,0.016,0.016,0.016,0.031,0.621,0.187,0.036,0.576,0.021,0.057,0.015,0.237
0.158,0.097,0.517,0.111,0.196,0.13,0.034,0.425,0.162,0.022,0.434,0.214,0.178,0.204,0.417,0.343,0.68,0.047,0.107,0.167,0.251,0.597,0.102,0.216,0.02,0.39,0.045,0.104,0.132,0.193,0.492,0.187,0.544,0.024,0.81,0.212,0.368,0.447,0.099,0.143,0.037,0.018,0.194,0.326,0.117,0.045,0.174,0.065,0.033,0.043,0.072,0.582,0.274,0.232,0.241,0.085,0.562,0.174,0.491,0.479,0.069,0.022,0.012,0.065,0.493,0.401,0.014,0.02,0.085,0.012,0.037,0.029,0.117,0.324,0.025,0.028,0.234,0.068,0.224,0.053,0.065,0.113,0.013,0.018,0.098,0.212,0.239,0.551,0.114,0.06,0.098,0.088,0.064,0.052,0.467,0.036,0.094,0.12,0.233,0.051,0.082,0.015,0.207,0.281,0.015,0.14,0.035,0.036,0.036,0.014,0.108,0.049,0.043,0.042,0.265,0.324,0.105,0.09,0.099,0.027,0.173,0.036,0.063,0.221,0.014,0.028,0.035,0.048,0.254,0.202,0.413,0.019,0.017,0.051,0.245,0.068,0.039,0.018,0.037,0.036,0.037,0.051,0.526,0.041,0.225,0.036,0.039,0.057,0.034,0.053,0.027,0.099,0.036,0.073,0.21,0.042,0.113,0.024,0.015,0.068,0.024,0.059,0.059,0.024,0.316,0.041,0.029,0.017,0.033,0.04448,0.038,0.078,0.015,0.185,0.041,0.038,0.04,0.045,0.088,0.12,0.041,0.019,0.183,0.02,0.041,0.045,0.043,0.043,0.051,0.037,0.041,0.052,0.042,0.138,0.05,0.036,0.042,0.048,0.165,0.043,0.024,0.034,0.015,0.037,0.182,0.202,0.054,0.03,0.05,0.037,0.209,0.015,0.099,0.22,0.124,0.039,0.021,0.047,0.162,0.034,0.035,0.133,0.054,0.055,0.063,0.083,0.055,0.055,0.043,0.048,0.041,0.029,0.055,0.045,0.038,0.138,0.213,0.035,0.085,0.045,0.161,0.019,0.037,0.077,0.015,0.041,0.219,0.041,0.132,0.035,0.042,0.034,0.052,0.044,0.16,0.049,0.038,0.037,0.126,0.036,0.078,0.039,0.045,0.109,0.151,0.069,0.048,0.035,0.032,0.044,0.228,0.031,0.021,0.032,0.04,0.135,0.035,0.355,0.055,0.065,0.303,0.043,0.047,0.111,0.392,0.048,0.192,0.015,0.032,0.047,0.067,0.103,0.065,0.215,0.071,0.075,0.22,0.057,0.121,0.074,0.144,0.176,0.108,0.13969,0.256,0.087,0.086,0.02,0.181,0.224,0.183,0.046,0.039,0.015,0.173,0.058,0.243,0.574,0.154,0.619,0.275,0.051,0.262,0.108,0.615,0.094,0.187,0.015,0.02,0.094,0.269,0.102,0.204,0.151,0.1,0.224,0.13,0.285,0.046,0.043,0.069,0.178,0.563,0.418,0.306,0.101,0.561,0.537,0.132,0.026,0.282,0.343,0.151,0.133,0.354,0.239,0.12,0.23,0.604,0.248,0.131,0.186,0.047,0.037,0.195
0.676,0.135,0.734,0.875,0.166,0.484,0.023,0.287,0.193,0.018,0.4,0.183,0.177,0.247,0.349,0.13,0.213,0.048,0.513,0.162,0.718,0.642,0.155,0.308,0.016,0.451,0.045,0.78,0.482,0.288,0.208,0.519,0.196,0.032,0.329,0.951,0.146,0.262,0.438,0.603,0.025,0.325,0.455,0.806,0.424,0.161,0.554,0.31,0.023,0.056,0.119,0.313,0.157,0.472,0.391,0.326,0.302,0.08,0.447,0.56,0.378,0.277,0.263,0.044,0.254,0.373,0.013,0.025,0.602,0.022,0.034,0.051,0.127,0.058,0.13,0.119,0.554,0.06,0.252,0.309,0.347,0.355,0.324,0.02,0.042,0.049,0.035,0.163,0.239,0.052,0.327,0.102,0.059,0.041,0.202,0.74,0.044,0.069,0.07,0.04,0.038,0.323,0.817,0.013,0.291,0.044,0.037,0.049,0.039,0.029,0.108,0.042,0.039,0.135,0.2,0.035,0.594,0.1,0.434,0.019,0.043,0.034,0.079,0.32,0.026,0.017,0.048,0.04,0.052,0.022,0.027,0.063,0.066,0.035,0.041,0.042,0.229,0.092,0.041,0.034,0.038,0.054,0.264,0.039,0.192,0.046,0.038,0.042,0.063,0.125,0.018,0.118,0.046,0.042,0.053,0.047,0.43,0.015,0.05,0.231,0.038,0.044,0.223,0.033,0.193,0.043,0.021,0.031,0.035,0.092547,0.051,0.017,0.089,0.071,0.044,0.05,0.05,0.04,0.208,0.17,0.032,0.049,0.191,0.013,0.048,0.038,0.05,0.046,0.037,0.049,0.056,0.051,0.055,0.117,0.452,0.039,0.056,0.037,0.225,0.027,0.041,0.043,0.017,0.051,0.082,0.188,0.04,0.115,0.038,0.053,0.082,0.027,0.05,0.026,0.179,0.048,0.049,0.04,0.189,0.037,0.049,0.09,0.04,0.039,0.045,0.034,0.044,0.051,0.279,0.045,0.038,0.036,0.041,0.049,0.048,0.134,0.284,0.038,0.112,0.047,0.183,0.057,0.128,0.208,0.032,0.032,0.199,0.05,0.12,0.117,0.043,0.045,0.051,0.032,0.031,0.033,0.031,0.046,0.064,0.031,0.545,0.039,0.035,0.169,0.166,0.042,0.036,0.032,0.047,0.047,0.253,0.045,0.016,0.033,0.033,0.273,0.037,0.276,0.041,0.035,0.275,0.038,0.034,0.031,0.039,0.032,0.059,0.023,0.046,0.037,0.033,0.129,0.071,0.091,0.075,0.079,0.173,0.076,0.117,0.088,0.138,0.233,0.51,0.4345,0.332,0.094,0.387,0.015,0.087,0.056,0.501,0.475,0.269,0.391,0.191,0.067,0.111,0.287,0.506,0.355,0.372,0.423,0.101,0.093,0.22,0.098,0.608,0.342,0.697,0.628,0.118,0.118,0.106,0.155,0.116,0.116,0.12,0.191,0.396,0.046,0.273,0.408,0.305,0.123,0.137,0.241,0.489,0.407,0.658,0.027,0.181,0.161,0.381,0.218,0.712,0.639,0.438,0.157,0.313,0.162,0.459,0.413,0.035,0.359,0.379
0.63,0.486,0.66,0.509,0.145,0.401,0.058,0.143,0.118,0.121,0.307,0.356,0.323,0.297,0.46,0.108,0.117,0.06,0.438,0.149,0.428,0.273,0.164,0.191,0.018,0.178,0.046,0.424,0.218,0.384,0.151,0.372,0.152,0.02,0.396,0.436,0.136,0.313,0.116,0.338,0.021,0.693,0.478,0.277,0.127,0.503,0.201,0.103,0.036,0.463,0.105,0.311,0.247,0.203,0.16,0.701,0.052,0.156,0.275,0.126,0.228,0.31,0.73,0.041,0.19,0.211,0.207,0.013,0.287,0.356,0.138,0.249,0.141,0.046,0.309,0.032,0.16,0.047,0.08,0.241,0.118,0.032,0.024,0.027,0.038,0.089,0.041,0.186,0.116,0.049,0.077,0.093,0.053,0.041,0.297,0.707,0.073,0.048,0.148,0.039,0.043,0.031,0.7,0.064,0.042,0.26,0.051,0.041,0.052,0.246,0.104,0.453,0.447,0.041,0.038,0.033,0.576,0.385,0.099,0.013,0.161,0.044,0.043,0.404,0.067,0.014,0.034,0.036,0.256,0.049,0.115,0.048,0.04,0.035,0.071,0.033,0.216,0.119,0.046,0.047,0.049,0.093,0.042,0.036,0.227,0.046,0.047,0.042,0.038,0.426,0.015,0.044,0.039,0.048,0.047,0.041,0.049,0.016,0.037,0.315,0.051,0.047,0.311,0.036,0.101,0.037,0.098,0.018,0.044,0.1155,0.038,0.028,0.021,0.062,0.054,0.043,0.047,0.035,0.188,0.017,0.046,0.044,0.058,0.025,0.021,0.041,0.43,0.035,0.048,0.04,0.039,0.037,0.039,0.116,0.051,0.051,0.038,0.096,0.188,0.031,0.052,0.041,0.031,0.039,0.049,0.064,0.045,0.157,0.049,0.051,0.067,0.021,0.042,0.046,0.051,0.035,0.038,0.036,0.117,0.039,0.033,0.03,0.036,0.048,0.336,0.044,0.041,0.04,0.233,0.06,0.055,0.053,0.039,0.313,0.031,0.172,0.043,0.051,0.039,0.037,0.176,0.039,0.166,0.188,0.028,0.063,0.249,0.035,0.141,0.112,0.041,0.032,0.286,0.035,0.201,0.032,0.036,0.038,0.033,0.045,0.087,0.032,0.042,0.035,0.288,0.07,0.034,0.038,0.033,0.033,0.311,0.038,0.045,0.068,0.047,0.227,0.089,0.172,0.071,0.089,0.098,0.032,0.032,0.042,0.049,0.032,0.043,0.022,0.032,0.038,0.039,0.156,0.079,0.181,0.093,0.093,0.229,0.082,0.072,0.081,0.139,0.106,0.22,0.14823,0.267,0.086,0.239,0.095,0.113,0.045,0.062,0.237,0.166,0.584,0.151,0.051,0.2,0.163,0.024,0.224,0.141,0.048,0.102,0.104,0.277,0.084,0.137,0.616,0.461,0.658,0.107,0.104,0.086,0.117,0.102,0.108,0.089,0.326,0.107,0.046,0.617,0.064,0.117,0.13,0.123,0.144,0.073,0.117,0.079,0.026,0.903,0.897,0.423,0.079,0.178,0.278,0.629,0.232,0.275,0.174,0.517,0.07,0.255,0.057,0.157
0.097,0.094,0.199,0.276,0.135,0.348,0.655,0.295,0.113,0.245,0.345,0.245,0.137,0.151,0.234,0.224,0.109,0.318,0.158,0.139,0.283,0.367,0.16,0.155,0.029,0.702,0.099,0.177,0.176,0.371,0.133,0.318,0.679,0.019,0.326,0.26,0.124,0.358,0.15,0.298,0.317,0.241,0.098,0.399,0.48,0.166,0.509,0.4,0.037,0.647,0.111,0.691,0.131,0.347,0.29,0.176,0.136,0.118,0.116,0.328,0.552,0.101,0.342,0.085,0.322,0.248,0.651,0.014,0.055,0.84,0.112,0.113,0.268,0.076,0.161,0.182,0.256,0.052,0.057,0.152,0.041,0.382,0.244,0.018,0.035,0.502,0.028,0.141,0.031,0.048,0.087,0.193,0.031,0.05,0.104,0.601,0.052,0.046,0.477,0.04,0.044,0.044,0.376,0.044,0.035,0.299,0.034,0.039,0.034,0.817,0.039,0.131,0.123,0.049,0.034,0.033,0.213,0.105,0.061,0.454,0.429,0.04,0.033,0.071,0.028,0.02,0.03,0.045,0.23,0.037,0.126,0.044,0.039,0.05,0.321,0.036,0.198,0.151,0.05,0.039,0.039,0.054,0.035,0.038,0.043,0.038,0.042,0.053,0.034,0.051,0.023,0.042,0.037,0.04,0.362,0.036,0.038,0.027,0.04,0.301,0.036,0.052,0.051,0.052,0.044,0.052,0.111,0.016,0.045,0.041849,0.043,0.036,0.015,0.251,0.038,0.038,0.047,0.047,0.035,0.028,0.034,0.038,0.066,0.033,0.014,0.043,0.042,0.048,0.042,0.039,0.041,0.05,0.042,0.048,0.046,0.034,0.041,0.054,0.227,0.045,0.035,0.034,0.017,0.034,0.035,0.048,0.048,0.088,0.046,0.046,0.415,0.015,0.047,0.036,0.137,0.044,0.051,0.047,0.045,0.039,0.038,0.049,0.054,0.04,0.171,0.044,0.054,0.056,0.038,0.051,0.037,0.041,0.049,0.135,0.036,0.036,0.033,0.036,0.037,0.057,0.087,0.038,0.03,0.055,0.015,0.105,0.107,0.049,0.179,0.15,0.034,0.039,0.227,0.043,0.188,0.077,0.043,0.034,0.033,0.032,0.077,0.054,0.033,0.035,0.116,0.074,0.052,0.041,0.062,0.069,0.098,0.033,0.695,0.092,0.034,0.122,0.093,0.093,0.087,0.092,0.103,0.043,0.039,0.039,0.04,0.035,0.093,0.015,0.032,0.037,0.067,0.071,0.088,0.45,0.084,0.076,0.091,0.074,0.077,0.075,0.14,0.154,0.156,0.14429,0.193,0.099,0.099,0.166,0.09,0.049,0.324,0.045,0.043,0.086,0.055,0.052,0.484,0.156,0.162,0.05,0.475,0.023,0.113,0.091,0.092,0.092,0.257,0.351,0.099,0.091,0.106,0.369,0.276,0.113,0.274,0.114,0.089,0.282,0.351,0.046,0.133,0.299,0.119,0.133,0.352,0.682,0.522,0.924,0.727,0.048,0.132,0.258,0.091,0.739,0.24,0.128,0.523,0.109,0.111,0.302,0.256,0.449,0.115,0.387,0.155
0.094,0.097,0.476,0.262,0.367,0.553,0.61,0.559,0.106,0.165,0.164,0.236,0.149,0.154,0.172,0.117,0.301,0.733,0.15,0.158,0.559,0.295,0.129,0.139,0.025,0.857,0.502,0.15,0.14,0.328,0.13,0.469,0.679,0.113,0.356,0.154,0.129,0.426,0.431,0.165,0.388,0.236,0.113,0.112,0.538,0.163,0.154,0.087,0.045,0.202,0.109,0.778,0.141,0.33,0.142,0.253,0.111,0.104,0.11,0.17,0.639,0.369,0.241,0.106,0.107,0.152,0.14,0.014,0.25,0.118,0.082,0.096,0.112,0.101,0.105,0.091,0.13,0.068,0.492,0.196,0.087,0.231,0.039,0.015,0.073,0.052,0.042,0.089,0.087,0.055,0.085,0.147,0.046,0.115,0.106,0.128,0.045,0.044,0.051,0.041,0.035,0.03,0.089,0.03,0.028,0.037,0.033,0.033,0.034,0.278,0.049,0.04,0.032,0.044,0.318,0.038,0.036,0.097,0.097,0.046,0.036,0.036,0.041,0.043,0.036,0.025,0.043,0.042,0.193,0.037,0.157,0.038,0.033,0.035,0.183,0.052,0.046,0.038,0.043,0.032,0.038,0.049,0.038,0.043,0.056,0.041,0.037,0.038,0.041,0.039,0.138,0.041,0.047,0.043,0.184,0.049,0.038,0.015,0.052,0.045,0.039,0.036,0.036,0.037,0.241,0.037,0.189,0.032,0.034,0.041849,0.046,0.044,0.034,0.26,0.048,0.048,0.052,0.041,0.025,0.037,0.043,0.051,0.449,0.035,0.032,0.033,0.049,0.035,0.038,0.055,0.051,0.042,0.05,0.041,0.033,0.04,0.043,0.039,0.062,0.032,0.043,0.115,0.018,0.048,0.046,0.324,0.038,0.02,0.038,0.055,0.258,0.025,0.056,0.036,0.359,0.042,0.044,0.034,0.222,0.033,0.043,0.034,0.036,0.035,0.038,0.037,0.044,0.038,0.052,0.044,0.036,0.05,0.033,0.042,0.045,0.037,0.079,0.04,0.053,0.04,0.109,0.088,0.023,0.126,0.026,0.034,0.048,0.096,0.088,0.036,0.047,0.04,0.054,0.03,0.046,0.077,0.07,0.05,0.057,0.05,0.083,0.084,0.073,0.058,0.1,0.082,0.084,0.065,0.076,0.07,0.252,0.034,0.138,0.088,0.034,0.092,0.089,0.365,0.106,0.085,0.096,0.044,0.041,0.05,0.035,0.048,0.081,0.015,0.045,0.043,0.071,0.085,0.073,0.093,0.074,0.075,0.14,0.088,0.09,0.079,0.137,0.473,0.101,0.14757,0.253,0.095,0.096,0.113,0.088,0.043,0.088,0.345,0.394,0.029,0.208,0.065,0.089,0.137,0.099,0.473,0.306,0.019,0.101,0.098,0.101,0.174,0.597,0.172,0.231,0.279,0.091,0.207,0.087,0.111,0.109,0.113,0.086,0.312,0.11,0.046,0.839,0.298,0.131,0.121,0.433,0.137,0.512,1.072,0.37,0.043,0.127,0.272,0.834,0.547,0.579,0.251,0.126,0.109,0.129,0.11,0.279,0.591,0.297,0.088,0.156
0.096,0.097,0.342,0.454,0.284,0.302,0.156,0.146,0.109,0.168,0.278,0.317,0.136,0.138,0.169,0.105,0.105,0.364,0.449,0.14,0.364,0.166,0.146,0.128,0.018,0.381,0.304,0.138,0.144,0.172,0.179,0.29,0.349,0.192,0.306,0.331,0.133,0.33,0.18,0.472,0.139,0.182,0.103,0.189,0.222,0.14,0.211,0.087,0.077,0.609,0.116,0.326,0.142,0.49,0.143,0.19,0.103,0.098,0.106,0.169,0.825,0.116,0.201,0.1,0.093,0.13,0.397,0.015,0.085,0.54,0.086,0.097,0.114,0.109,0.113,0.126,0.081,0.108,0.202,0.109,0.093,0.183,0.086,0.015,0.054,0.03,0.088,0.239,0.082,0.041,0.099,0.134,0.053,0.167,0.353,0.229,0.046,0.111,0.115,0.027,0.035,0.029,0.09,0.029,0.045,0.037,0.033,0.044,0.033,0.029,0.034,0.032,0.037,0.032,0.311,0.044,0.045,0.104,0.084,0.041,0.029,0.032,0.043,0.249,0.038,0.015,0.03,0.032,0.05,0.037,0.105,0.046,0.042,0.031,0.03,0.035,0.041,0.038,0.041,0.039,0.041,0.04,0.044,0.035,0.461,0.049,0.047,0.04,0.043,0.036,0.016,0.051,0.043,0.042,0.038,0.034,0.047,0.015,0.037,0.055,0.048,0.048,0.045,0.044,0.305,0.048,0.045,0.016,0.052,0.03874,0.038,0.053,0.045,0.05,0.043,0.043,0.048,0.04,0.491,0.052,0.036,0.038,0.054,0.049,0.037,0.048,0.036,0.046,0.053,0.044,0.04,0.038,0.043,0.055,0.045,0.052,0.031,0.032,0.04,0.045,0.05,0.528,0.03,0.033,0.043,0.184,0.045,0.054,0.05,0.039,0.141,0.023,0.141,0.05,0.047,0.033,0.043,0.033,0.287,0.047,0.038,0.041,0.039,0.046,0.053,0.044,0.039,0.041,0.038,0.058,0.048,0.048,0.032,0.04,0.035,0.054,0.136,0.072,0.038,0.036,0.435,0.072,0.03,0.486,0.021,0.05,0.358,0.041,0.142,0.036,0.044,0.038,0.037,0.033,0.036,0.073,0.071,0.083,0.083,0.085,0.087,0.083,0.081,0.087,0.279,0.081,0.071,0.074,0.088,0.084,0.435,0.034,0.115,0.09,0.037,0.325,0.087,0.295,0.091,0.108,0.09,0.033,0.034,0.041,0.035,0.042,0.078,0.023,0.04,0.034,0.074,0.071,0.07,0.075,0.074,0.087,0.483,0.084,0.071,0.093,0.139,0.089,0.094,0.16992,0.093,0.088,0.101,0.091,0.089,0.054,0.104,0.291,0.574,0.093,0.397,0.058,0.106,0.11,0.095,0.602,0.277,0.032,0.083,0.093,0.092,0.254,0.599,0.141,0.09,0.34,0.092,0.111,0.085,0.112,0.113,0.106,0.102,0.27,0.105,0.059,0.851,0.104,0.125,0.117,0.114,0.122,0.114,1.134,0.118,0.03,0.13,0.131,0.238,0.561,0.574,0.105,0.114,0.124,0.384,0.103,0.305,0.597,0.16,0.106,0.141
0.106,0.096,0.279,0.297,0.264,0.314,0.16,0.137,0.121,0.138,0.635,0.327,0.119,0.134,0.17,0.096,0.108,0.5,0.722,0.146,0.325,0.256,0.138,0.144,0.018,0.414,0.219,0.154,0.138,0.124,0.109,0.374,0.268,0.18,0.167,0.529,0.124,0.34,0.151,0.371,0.306,0.142,0.1,0.556,0.275,0.152,0.705,0.087,0.115,0.169,0.106,0.334,0.113,0.404,0.126,0.161,0.103,0.108,0.103,0.168,0.328,0.107,0.121,0.11,0.369,0.143,0.111,0.029,0.083,0.422,0.133,0.113,0.105,0.106,0.618,0.109,0.084,0.093,0.097,0.111,0.085,0.384,0.095,0.019,0.106,0.03,0.101,0.471,0.082,0.041,0.1,0.136,0.082,0.158,0.473,0.485,0.077,0.105,0.163,0.028,0.042,0.067,0.428,0.039,0.098,0.098,0.042,0.04,0.045,0.033,0.034,0.029,0.046,0.034,0.089,0.029,0.039,0.096,0.069,0.034,0.033,0.036,0.029,0.317,0.03,0.014,0.029,0.036,0.046,0.029,0.049,0.051,0.047,0.044,0.045,0.033,0.329,0.028,0.051,0.043,0.047,0.051,0.031,0.034,0.04,0.038,0.041,0.051,0.036,0.048,0.038,0.035,0.039,0.032,0.055,0.042,0.037,0.029,0.038,0.291,0.033,0.041,0.039,0.051,0.039,0.039,0.02,0.017,0.038,0.040175,0.045,0.035,0.034,0.038,0.042,0.036,0.041,0.052,0.045,0.042,0.041,0.039,0.033,0.036,0.034,0.033,0.028,0.039,0.036,0.049,0.042,0.054,0.054,0.043,0.033,0.036,0.043,0.047,0.425,0.036,0.035,0.231,0.017,0.032,0.036,0.038,0.042,0.048,0.043,0.045,0.133,0.016,0.073,0.034,0.042,0.046,0.049,0.046,0.032,0.032,0.043,0.048,0.051,0.035,0.037,0.046,0.048,0.048,0.036,0.042,0.035,0.035,0.046,0.033,0.041,0.039,0.043,0.074,0.035,0.05,0.052,0.043,0.048,0.064,0.015,0.039,0.129,0.066,0.437,0.041,0.034,0.04,0.035,0.085,0.47,0.082,0.084,0.074,0.072,0.071,0.073,0.075,0.081,0.077,0.311,0.073,0.072,0.087,0.074,0.072,0.099,0.048,0.103,0.105,0.044,0.36,0.103,0.091,0.09,0.091,0.105,0.034,0.033,0.039,0.049,0.031,0.079,0.023,0.047,0.032,0.08,0.082,0.078,0.081,0.089,0.074,0.082,0.073,0.074,0.073,0.141,0.07,0.109,0.17288,0.157,0.09,0.09,0.114,0.102,0.04,0.093,0.256,0.449,0.097,0.043,0.046,0.09,0.117,0.026,0.178,0.126,0.017,0.073,0.094,0.096,0.106,0.677,0.381,0.093,0.119,0.104,0.092,0.092,0.113,0.102,0.102,0.093,0.129,0.135,0.055,0.46,0.108,0.115,0.123,0.122,0.135,0.115,0.957,0.12,0.028,0.119,0.257,0.114,0.585,0.599,0.119,0.102,0.098,0.364,0.114,0.134,0.453,0.15,0.125,0.149
0.096,0.101,0.11,0.168,0.224,0.158,0.148,0.146,0.167,0.149,0.246,0.117,0.121,0.122,0.16,0.105,0.12,0.16,0.683,0.134,0.158,0.55,0.139,0.153,0.219,0.239,0.149,0.137,0.152,0.527,0.095,0.157,0.107,0.159,0.133,0.138,0.126,0.137,0.145,0.205,0.154,0.153,0.111,0.146,0.127,0.145,0.632,0.087,0.112,0.14,0.107,0.129,0.105,0.272,0.117,0.137,0.11,0.107,0.114,0.134,0.099,0.102,0.102,0.107,0.327,0.129,0.113,0.64,0.101,0.226,0.108,0.101,0.112,0.102,0.663,0.116,0.126,0.094,0.098,0.096,0.084,0.297,0.085,0.026,0.098,0.039,0.092,0.097,0.082,0.042,0.1,0.105,0.084,0.153,0.143,0.084,0.097,0.1,0.156,0.031,0.075,0.098,0.224,0.085,0.087,0.116,0.028,0.032,0.029,0.03,0.033,0.043,0.033,0.043,0.08,0.028,0.033,0.092,0.104,0.033,0.041,0.039,0.029,0.03,0.029,0.027,0.062,0.04,0.327,0.038,0.035,0.033,0.032,0.031,0.029,0.036,0.207,0.038,0.036,0.035,0.034,0.043,0.031,0.047,0.037,0.037,0.04,0.037,0.042,0.037,0.049,0.035,0.051,0.034,0.036,0.039,0.039,0.016,0.052,0.254,0.033,0.04,0.035,0.041,0.055,0.04,0.031,0.033,0.037,0.038023,0.045,0.039,0.042,0.041,0.048,0.048,0.046,0.042,0.038,0.041,0.038,0.052,0.034,0.034,0.05,0.045,0.044,0.043,0.039,0.054,0.05,0.035,0.045,0.039,0.036,0.037,0.04,0.038,0.042,0.034,0.046,0.04,0.019,0.047,0.05,0.051,0.032,0.045,0.036,0.043,0.211,0.022,0.045,0.04,0.035,0.041,0.072,0.035,0.04,0.035,0.044,0.036,0.037,0.048,0.041,0.036,0.039,0.034,0.052,0.037,0.037,0.044,0.033,0.045,0.049,0.037,0.053,0.047,0.049,0.035,0.036,0.045,0.047,0.074,0.027,0.083,0.039,0.084,0.075,0.055,0.048,0.042,0.053,0.073,0.098,0.086,0.075,0.075,0.073,0.078,0.074,0.074,0.071,0.071,0.092,0.079,0.082,0.075,0.071,0.072,0.099,0.032,0.096,0.089,0.034,0.091,0.09,0.096,0.103,0.088,0.089,0.046,0.044,0.045,0.033,0.032,0.101,0.045,0.037,0.042,0.073,0.083,0.09,0.08,0.077,0.073,0.082,0.086,0.085,0.073,0.14,0.078,0.106,0.094986,0.512,0.099,0.105,0.094,0.09,0.039,0.088,0.109,0.128,0.095,0.047,0.05,0.101,0.11,0.017,0.089,0.109,0.017,0.053,0.087,0.093,0.09,0.149,0.237,0.084,0.086,0.101,0.086,0.098,0.106,0.104,0.113,0.088,0.56,0.111,0.113,0.152,0.111,0.134,0.133,0.125,0.121,0.138,0.577,0.128,0.027,0.58,0.568,0.113,0.559,0.25,0.103,0.105,0.09,0.103,0.104,0.137,0.11,0.144,0.16,0.115
0.101,0.086,0.113,0.127,0.113,0.102,0.137,0.147,0.152,0.136,0.196,0.098,0.11,0.134,0.129,0.101,0.109,0.14,0.259,0.125,0.152,0.166,0.107,0.106,0.4,0.158,0.134,0.149,0.136,0.271,0.11,0.12,0.094,0.137,0.512,0.141,0.14,0.104,0.155,0.3,0.158,0.15,0.116,0.109,0.185,0.106,0.218,0.102,0.11,0.165,0.115,0.111,0.106,0.099,0.105,0.168,0.136,0.109,0.114,0.12,0.096,0.111,0.111,0.115,0.086,0.113,0.114,0.312,0.091,0.269,0.107,0.1,0.118,0.11,0.339,0.1,0.109,0.087,0.113,0.096,0.086,0.209,0.084,0.015,0.113,0.07,0.091,0.09,0.09,0.097,0.106,0.114,0.098,0.135,0.132,0.091,0.096,0.11,0.15,0.041,0.088,0.091,0.089,0.087,0.085,0.087,0.029,0.055,0.028,0.039,0.041,0.054,0.033,0.037,0.078,0.028,0.032,0.091,0.054,0.054,0.028,0.029,0.038,0.034,0.041,0.018,0.031,0.028,0.215,0.036,0.032,0.031,0.03,0.029,0.028,0.039,0.029,0.04,0.032,0.032,0.032,0.031,0.046,0.037,0.044,0.049,0.044,0.038,0.037,0.032,0.031,0.05,0.038,0.044,0.032,0.031,0.046,0.015,0.037,0.033,0.047,0.049,0.046,0.05,0.038,0.041,0.032,0.017,0.049,0.034675,0.037,0.041,0.035,0.05,0.037,0.04,0.042,0.036,0.051,0.046,0.038,0.033,0.049,0.049,0.029,0.038,0.029,0.04,0.049,0.042,0.036,0.055,0.041,0.049,0.041,0.045,0.03,0.039,0.032,0.047,0.041,0.046,0.031,0.045,0.035,0.038,0.043,0.05,0.045,0.035,0.182,0.025,0.052,0.044,0.046,0.033,0.043,0.033,0.041,0.044,0.036,0.044,0.039,0.041,0.047,0.043,0.035,0.041,0.036,0.048,0.044,0.043,0.031,0.042,0.036,0.055,0.036,0.035,0.074,0.034,0.053,0.033,0.072,0.093,0.022,0.085,0.043,0.079,0.087,0.038,0.032,0.031,0.078,0.073,0.07,0.074,0.075,0.087,0.086,0.089,0.074,0.087,0.072,0.073,0.076,0.08,0.088,0.075,0.072,0.071,0.115,0.033,0.091,0.089,0.032,0.091,0.089,0.098,0.092,0.096,0.091,0.036,0.037,0.04,0.032,0.044,0.08,0.015,0.079,0.038,0.07,0.075,0.072,0.073,0.075,0.076,0.085,0.073,0.071,0.086,0.132,0.074,0.103,0.10386,0.1,0.087,0.131,0.089,0.087,0.038,0.088,0.033,0.104,0.098,0.045,0.042,0.09,0.096,0.017,0.093,0.41,0.016,0.054,0.087,0.101,0.089,0.093,0.299,0.091,0.078,0.078,0.09,0.098,0.119,0.113,0.118,0.085,0.141,0.105,0.137,0.111,0.108,0.13,0.117,0.113,0.125,0.129,0.589,0.548,0.028,0.585,0.274,0.206,0.567,0.099,0.114,0.118,0.089,0.116,0.117,0.547,0.103,0.14,0.165,0.111
0.09,0.085,0.387,0.337,0.1,0.544,0.13,0.138,0.153,0.127,0.132,0.099,0.093,0.118,0.111,0.095,0.11,0.571,0.105,0.11,0.418,0.134,0.103,0.104,0.331,0.283,0.152,0.125,0.105,0.1,0.096,0.345,0.092,0.15,0.254,0.101,0.125,0.423,0.151,0.449,0.145,0.147,0.108,0.114,0.544,0.106,0.118,0.137,0.106,0.139,0.109,0.509,0.111,0.165,0.105,0.125,0.101,0.104,0.102,0.103,0.449,0.121,0.102,0.099,0.1,0.191,0.103,0.115,0.083,0.116,0.103,0.1,0.111,0.112,0.097,0.102,0.098,0.088,0.089,0.11,0.097,0.344,0.093,0.015,0.099,0.082,0.091,0.089,0.091,0.078,0.105,0.087,0.084,0.129,0.117,0.094,0.099,0.097,0.122,0.03,0.096,0.087,0.072,0.088,0.083,0.086,0.027,0.083,0.029,0.093,0.04,0.071,0.043,0.068,0.078,0.041,0.037,0.095,0.092,0.088,0.029,0.028,0.035,0.04,0.033,0.015,0.029,0.03,0.051,0.03,0.037,0.046,0.043,0.043,0.041,0.027,0.037,0.028,0.048,0.047,0.044,0.039,0.035,0.031,0.031,0.032,0.041,0.048,0.033,0.038,0.031,0.034,0.035,0.032,0.047,0.043,0.034,0.031,0.034,0.046,0.032,0.043,0.035,0.032,0.039,0.032,0.045,0.017,0.032,0.035871,0.038,0.027,0.025,0.025,0.047,0.032,0.037,0.037,0.025,0.031,0.08,0.034,0.033,0.034,0.03,0.035,0.029,0.032,0.039,0.048,0.037,0.046,0.052,0.033,0.029,0.031,0.04,0.047,0.046,0.031,0.031,0.046,0.017,0.041,0.033,0.034,0.036,0.034,0.035,0.047,0.046,0.022,0.033,0.034,0.038,0.044,0.037,0.046,0.028,0.033,0.043,0.044,0.05,0.035,0.035,0.038,0.048,0.076,0.057,0.038,0.039,0.026,0.041,0.079,0.049,0.059,0.041,0.033,0.074,0.046,0.078,0.042,0.081,0.072,0.015,0.073,0.058,0.089,0.081,0.036,0.036,0.037,0.075,0.072,0.049,0.078,0.083,0.066,0.074,0.074,0.062,0.052,0.08,0.057,0.058,0.071,0.072,0.056,0.073,0.08,0.092,0.034,0.092,0.079,0.048,0.099,0.078,0.085,0.055,0.098,0.069,0.05,0.041,0.042,0.043,0.032,0.076,0.024,0.047,0.042,0.061,0.048,0.064,0.082,0.07,0.05,0.066,0.07,0.071,0.057,0.124,0.08,0.114,0.28792,0.092,0.088,0.094,0.102,0.086,0.055,0.107,0.261,0.089,0.088,0.046,0.038,0.105,0.099,0.044,0.1,0.311,0.017,0.075,0.1,0.094,0.094,0.091,0.096,0.088,0.094,0.074,0.096,0.089,0.105,0.111,0.104,0.1,0.097,0.103,0.298,0.337,0.119,0.116,0.119,0.111,0.151,0.561,0.572,0.582,0.027,0.59,0.595,0.589,0.549,0.101,0.103,0.105,0.106,0.121,0.106,0.149,0.105,0.14,0.159,0.107
0.098,0.09,0.362,0.405,0.093,0.171,0.14,0.122,0.133,0.111,0.117,0.105,0.093,0.092,0.115,0.094,0.115,0.231,0.106,0.103,0.362,0.107,0.099,0.106,0.217,0.498,0.153,0.11,0.111,0.107,0.097,0.396,0.107,0.149,0.106,0.094,0.104,0.302,0.142,0.311,0.123,0.128,0.104,0.107,0.114,0.116,0.098,0.107,0.141,0.106,0.114,0.237,0.108,0.53,0.106,0.183,0.1,0.116,0.102,0.119,0.31,0.104,0.106,0.095,0.097,0.124,0.1,0.11,0.084,0.158,0.12,0.091,0.102,0.092,0.087,0.109,0.1,0.101,0.084,0.11,0.086,0.315,0.1,0.015,0.097,0.082,0.074,0.056,0.046,0.045,0.084,0.086,0.044,0.115,0.043,0.083,0.074,0.085,0.088,0.029,0.067,0.066,0.046,0.073,0.101,0.096,0.042,0.096,0.049,0.085,0.074,0.072,0.043,0.066,0.086,0.032,0.043,0.104,0.055,0.036,0.035,0.03,0.035,0.031,0.028,0.017,0.042,0.042,0.078,0.037,0.033,0.023,0.031,0.028,0.035,0.026,0.033,0.033,0.035,0.033,0.035,0.032,0.033,0.025,0.031,0.029,0.03,0.033,0.039,0.037,0.04,0.031,0.068,0.032,0.033,0.035,0.029,0.041,0.042,0.026,0.031,0.032,0.039,0.037,0.038,0.042,0.026,0.032,0.049,0.034675,0.036,0.041,0.051,0.057,0.036,0.041,0.038,0.043,0.039,0.047,0.041,0.053,0.028,0.029,0.045,0.04,0.036,0.045,0.039,0.041,0.035,0.033,0.037,0.035,0.069,0.034,0.037,0.028,0.033,0.04,0.038,0.044,0.019,0.037,0.047,0.053,0.028,0.034,0.031,0.044,0.058,0.03,0.04,0.04,0.043,0.046,0.035,0.028,0.05,0.036,0.032,0.031,0.031,0.058,0.076,0.053,0.041,0.065,0.06,0.042,0.034,0.027,0.037,0.168,0.042,0.043,0.052,0.051,0.085,0.043,0.064,0.049,0.059,0.056,0.026,0.061,0.047,0.045,0.075,0.051,0.057,0.046,0.122,0.049,0.041,0.089,0.06,0.073,0.052,0.064,0.034,0.034,0.046,0.039,0.04,0.071,0.074,0.05,0.041,0.055,0.048,0.05,0.076,0.052,0.051,0.057,0.055,0.05,0.048,0.061,0.05,0.049,0.038,0.052,0.047,0.046,0.046,0.023,0.04,0.038,0.043,0.042,0.043,0.068,0.051,0.038,0.053,0.054,0.091,0.043,0.12,0.086,0.103,0.16664,0.093,0.105,0.09,0.103,0.099,0.039,0.094,0.267,0.09,0.094,0.04,0.046,0.092,0.103,0.083,0.096,0.104,0.031,0.041,0.076,0.093,0.209,0.151,0.121,0.093,0.076,0.084,0.091,0.102,0.107,0.105,0.104,0.099,0.091,0.247,0.575,0.893,0.18,0.113,0.131,0.284,0.572,0.577,0.575,0.588,0.027,0.585,0.592,0.578,0.564,0.109,0.115,0.405,0.123,0.101,0.28,0.216,0.108,0.12,0.148,0.12
0.098,0.108,0.097,0.112,0.091,0.1,0.146,0.094,0.155,0.095,0.114,0.108,0.095,0.094,0.116,0.099,0.106,0.113,0.116,0.106,0.111,0.103,0.092,0.118,0.138,0.111,0.143,0.118,0.122,0.095,0.102,0.11,0.091,0.115,0.1,0.092,0.149,0.094,0.115,0.111,0.117,0.111,0.105,0.109,0.114,0.112,0.091,0.11,0.587,0.117,0.097,0.092,0.092,0.095,0.119,0.152,0.107,0.092,0.106,0.105,0.095,0.1,0.103,0.088,0.1,0.092,0.104,0.11,0.093,0.545,0.101,0.083,0.105,0.084,0.084,0.097,0.109,0.087,0.083,0.101,0.088,0.103,0.085,0.026,0.108,0.068,0.047,0.051,0.036,0.032,0.084,0.09,0.027,0.039,0.036,0.043,0.044,0.086,0.086,0.038,0.039,0.046,0.04,0.044,0.086,0.081,0.038,0.084,0.044,0.085,0.062,0.08,0.039,0.055,0.053,0.04,0.046,0.076,0.101,0.036,0.074,0.048,0.036,0.038,0.033,0.028,0.032,0.031,0.067,0.036,0.037,0.054,0.028,0.046,0.05,0.046,0.036,0.042,0.038,0.031,0.03,0.046,0.048,0.067,0.039,0.061,0.034,0.033,0.044,0.039,0.032,0.034,0.048,0.046,0.032,0.073,0.055,0.03,0.038,0.037,0.045,0.044,0.05,0.045,0.034,0.036,0.069,0.017,0.089,0.050936,0.038,0.043,0.038,0.05,0.035,0.029,0.044,0.038,0.05,0.042,0.048,0.037,0.055,0.043,0.022,0.022,0.035,0.031,0.032,0.034,0.032,0.041,0.042,0.041,0.039,0.045,0.024,0.049,0.045,0.062,0.049,0.049,0.031,0.031,0.024,0.075,0.049,0.044,0.055,0.034,0.078,0.023,0.05,0.048,0.056,0.04,0.044,0.048,0.041,0.046,0.041,0.05,0.048,0.045,0.051,0.05,0.036,0.051,0.05,0.055,0.045,0.041,0.033,0.085,0.044,0.059,0.043,0.04,0.077,0.033,0.057,0.059,0.037,0.056,0.022,0.047,0.033,0.032,0.059,0.047,0.037,0.044,0.043,0.036,0.035,0.036,0.037,0.048,0.044,0.057,0.033,0.032,0.036,0.037,0.058,0.056,0.085,0.036,0.037,0.037,0.037,0.047,0.041,0.035,0.036,0.037,0.038,0.044,0.038,0.053,0.035,0.041,0.05,0.042,0.034,0.038,0.051,0.016,0.046,0.049,0.036,0.052,0.046,0.042,0.036,0.037,0.036,0.038,0.044,0.051,0.096,0.069,0.1,0.085126,0.087,0.086,0.097,0.091,0.092,0.04,0.089,0.159,0.087,0.104,0.037,0.046,0.087,0.087,0.087,0.089,0.104,0.02,0.398,0.326,0.085,0.56,0.586,0.799,0.205,0.074,0.078,0.52,0.089,0.117,0.109,0.118,0.092,0.087,0.587,0.585,0.579,0.568,0.469,0.543,0.57,0.582,0.581,0.569,0.575,0.027,0.584,0.588,0.575,0.586,0.116,0.109,0.567,0.092,0.1,0.564,0.573,0.428,0.107,0.132,0.124
0.088,0.103,0.091,0.103,0.089,0.083,0.097,0.104,0.093,0.095,0.115,0.095,0.104,0.105,0.109,0.093,0.105,0.093,0.116,0.109,0.101,0.1,0.091,0.085,0.143,0.106,0.102,0.101,0.104,0.084,0.101,0.129,0.089,0.073,0.108,0.105,0.111,0.107,0.122,0.106,0.113,0.103,0.119,0.096,0.093,0.09,0.093,0.112,0.422,0.107,0.101,0.086,0.092,0.098,0.11,0.125,0.112,0.088,0.112,0.108,0.091,0.106,0.098,0.09,0.09,0.099,0.102,0.101,0.09,0.163,0.088,0.086,0.102,0.093,0.084,0.084,0.104,0.09,0.078,0.089,0.089,0.087,0.084,0.02,0.097,0.046,0.031,0.036,0.034,0.032,0.087,0.1,0.041,0.035,0.038,0.036,0.035,0.06,0.083,0.037,0.044,0.046,0.035,0.034,0.084,0.045,0.044,0.058,0.035,0.079,0.033,0.073,0.035,0.036,0.034,0.035,0.035,0.086,0.103,0.03,0.034,0.035,0.047,0.039,0.054,0.015,0.069,0.046,0.052,0.039,0.032,0.04,0.042,0.044,0.043,0.041,0.036,0.036,0.046,0.042,0.033,0.043,0.046,0.037,0.038,0.041,0.046,0.047,0.036,0.037,0.038,0.061,0.037,0.031,0.04,0.073,0.037,0.039,0.037,0.044,0.035,0.024,0.035,0.067,0.044,0.042,0.04,0.017,0.086,0.044719,0.049,0.037,0.038,0.036,0.046,0.015,0.037,0.046,0.036,0.037,0.036,0.042,0.036,0.027,0.049,0.053,0.024,0.037,0.049,0.042,0.042,0.047,0.054,0.041,0.045,0.028,0.048,0.046,0.061,0.057,0.046,0.033,0.017,0.047,0.046,0.041,0.04,0.031,0.038,0.042,0.053,0.012,0.04,0.041,0.045,0.056,0.037,0.052,0.031,0.036,0.046,0.042,0.057,0.05,0.046,0.049,0.054,0.053,0.042,0.041,0.045,0.034,0.048,0.081,0.059,0.044,0.052,0.037,0.067,0.046,0.033,0.054,0.054,0.038,0.016,0.037,0.044,0.05,0.036,0.033,0.041,0.037,0.033,0.049,0.043,0.034,0.044,0.037,0.047,0.042,0.036,0.046,0.036,0.035,0.032,0.038,0.053,0.036,0.035,0.037,0.046,0.035,0.036,0.035,0.034,0.036,0.038,0.037,0.04,0.049,0.035,0.037,0.036,0.033,0.033,0.05,0.043,0.015,0.044,0.039,0.043,0.035,0.036,0.045,0.042,0.05,0.036,0.044,0.037,0.038,0.096,0.072,0.105,0.082496,0.091,0.085,0.102,0.094,0.089,0.04,0.086,0.092,0.094,0.09,0.044,0.039,0.089,0.087,0.088,0.089,0.106,0.017,0.503,0.549,0.082,0.561,0.585,0.766,0.571,0.079,0.074,0.553,0.086,0.095,0.108,0.092,0.087,0.101,0.571,0.582,0.574,0.579,0.579,0.555,0.559,0.593,0.587,0.582,0.574,0.026,0.6,0.597,0.575,0.571,0.114,0.109,0.585,0.089,0.119,0.58,0.565,0.57,0.103,0.138,0.111
0.089,0.078,0.07,0.091,0.107,0.044,0.093,0.089,0.092,0.096,0.123,0.125,0.071,0.1,0.098,0.089,0.107,0.074,0.105,0.097,0.101,0.098,0.099,0.07,0.144,0.093,0.076,0.103,0.104,0.045,0.055,0.073,0.088,0.058,0.094,0.098,0.122,0.1,0.113,0.1,0.109,0.132,0.095,0.095,0.068,0.07,0.088,0.093,0.268,0.105,0.092,0.047,0.062,0.088,0.061,0.161,0.103,0.084,0.104,0.09,0.091,0.1,0.1,0.095,0.079,0.09,0.065,0.098,0.049,0.105,0.099,0.099,0.089,0.077,0.066,0.08,0.1,0.101,0.139,0.091,0.06,0.088,0.063,0.015,0.085,0.026,0.031,0.033,0.044,0.041,0.057,0.071,0.029,0.034,0.043,0.035,0.031,0.046,0.044,0.032,0.032,0.036,0.034,0.034,0.086,0.035,0.058,0.041,0.034,0.046,0.039,0.041,0.047,0.03,0.034,0.034,0.034,0.098,0.07,0.034,0.034,0.033,0.039,0.046,0.036,0.014,0.079,0.04,0.046,0.047,0.046,0.037,0.043,0.039,0.041,0.033,0.05,0.036,0.042,0.052,0.048,0.047,0.035,0.035,0.031,0.036,0.04,0.035,0.049,0.051,0.039,0.037,0.046,0.037,0.04,0.058,0.039,0.045,0.046,0.043,0.024,0.041,0.036,0.048,0.043,0.047,0.033,0.033,0.109,0.045436,0.038,0.046,0.052,0.048,0.03,0.063,0.045,0.042,0.042,0.052,0.048,0.045,0.033,0.029,0.05,0.035,0.029,0.038,0.05,0.036,0.036,0.038,0.034,0.049,0.045,0.076,0.041,0.039,0.043,0.063,0.06,0.044,0.017,0.041,0.053,0.05,0.035,0.045,0.036,0.035,0.045,0.017,0.053,0.056,0.037,0.039,0.047,0.037,0.042,0.046,0.041,0.037,0.041,0.052,0.055,0.037,0.048,0.04,0.055,0.039,0.034,0.04,0.031,0.086,0.041,0.04,0.053,0.054,0.052,0.032,0.04,0.039,0.036,0.036,0.024,0.05,0.043,0.031,0.045,0.038,0.047,0.05,0.039,0.033,0.038,0.049,0.044,0.031,0.035,0.033,0.042,0.034,0.048,0.044,0.035,0.037,0.039,0.044,0.048,0.044,0.041,0.035,0.048,0.041,0.046,0.045,0.044,0.037,0.046,0.036,0.047,0.039,0.034,0.033,0.037,0.036,0.037,0.023,0.036,0.034,0.043,0.035,0.034,0.045,0.043,0.035,0.048,0.042,0.039,0.035,0.109,0.054,0.094,0.08151,0.095,0.093,0.058,0.098,0.089,0.053,0.05,0.08,0.091,0.089,0.049,0.042,0.098,0.084,0.103,0.102,0.074,0.017,0.25,0.512,0.056,0.553,0.53,0.536,0.542,0.087,0.058,0.534,0.085,0.108,0.078,0.09,0.088,0.088,0.534,0.54,0.54,0.569,0.574,0.561,0.556,0.579,0.591,0.583,0.557,0.027,0.664,0.583,0.583,0.559,0.101,0.082,0.562,0.086,0.107,0.557,0.54,0.575,0.077,0.126,0.092
0.09,0.039,0.055,0.099,0.058,0.032,0.092,0.092,0.091,0.101,0.117,0.043,0.04,0.093,0.103,0.067,0.078,0.046,0.074,0.05,0.11,0.073,0.073,0.042,0.108,0.036,0.041,0.1,0.108,0.046,0.041,0.039,0.08,0.04,0.095,0.095,0.043,0.094,0.091,0.099,0.062,0.099,0.093,0.069,0.047,0.047,0.052,0.039,0.106,0.122,0.089,0.049,0.045,0.045,0.033,0.133,0.09,0.062,0.079,0.073,0.091,0.066,0.106,0.044,0.055,0.075,0.04,0.057,0.044,0.093,0.085,0.056,0.08,0.044,0.056,0.064,0.086,0.07,0.031,0.081,0.039,0.049,0.05,0.014,0.06,0.03,0.03,0.033,0.04,0.029,0.056,0.043,0.027,0.046,0.031,0.048,0.039,0.034,0.035,0.029,0.03,0.035,0.046,0.044,0.101,0.044,0.047,0.045,0.04,0.036,0.039,0.031,0.045,0.03,0.033,0.049,0.043,0.104,0.097,0.044,0.032,0.031,0.033,0.034,0.034,0.023,0.063,0.04,0.04,0.041,0.031,0.029,0.033,0.035,0.034,0.031,0.033,0.05,0.033,0.037,0.046,0.034,0.033,0.039,0.035,0.042,0.038,0.048,0.036,0.035,0.047,0.035,0.041,0.05,0.034,0.047,0.046,0.035,0.04,0.033,0.051,0.048,0.046,0.043,0.036,0.036,0.05,0.016,0.112,0.038979,0.035,0.04,0.036,0.052,0.049,0.098,0.042,0.034,0.045,0.042,0.033,0.035,0.048,0.045,0.034,0.041,0.036,0.03,0.038,0.034,0.031,0.047,0.052,0.046,0.036,0.052,0.036,0.053,0.044,0.047,0.047,0.035,0.031,0.034,0.042,0.035,0.049,0.034,0.053,0.036,0.051,0.025,0.037,0.041,0.054,0.039,0.04,0.035,0.036,0.039,0.035,0.047,0.044,0.04,0.038,0.043,0.04,0.048,0.043,0.055,0.038,0.04,0.031,0.048,0.036,0.053,0.041,0.034,0.04,0.032,0.041,0.032,0.035,0.051,0.024,0.041,0.032,0.032,0.041,0.047,0.034,0.036,0.045,0.032,0.031,0.034,0.033,0.038,0.034,0.038,0.031,0.033,0.036,0.037,0.041,0.05,0.034,0.038,0.035,0.043,0.034,0.035,0.038,0.041,0.035,0.049,0.043,0.048,0.034,0.035,0.036,0.047,0.033,0.047,0.044,0.034,0.037,0.024,0.043,0.032,0.033,0.038,0.042,0.035,0.032,0.032,0.036,0.035,0.046,0.04,0.095,0.033,0.056,0.061133,0.087,0.065,0.032,0.09,0.085,0.053,0.049,0.046,0.042,0.045,0.042,0.062,0.056,0.067,0.054,0.063,0.041,0.016,0.036,0.037,0.397,0.302,0.044,0.272,0.421,0.048,0.079,0.268,0.191,0.53,0.412,0.093,0.087,0.064,0.097,0.249,0.355,0.544,0.549,0.362,0.357,0.396,0.529,0.319,0.318,0.026,0.673,0.397,0.268,0.544,0.059,0.053,0.327,0.092,0.082,0.32,0.193,0.479,0.059,0.068,0.103
0.102,0.033,0.037,0.084,0.035,0.032,0.108,0.089,0.108,0.102,0.065,0.049,0.034,0.092,0.095,0.038,0.042,0.041,0.057,0.039,0.102,0.054,0.043,0.052,0.04,0.035,0.05,0.115,0.105,0.032,0.051,0.032,0.04,0.037,0.098,0.094,0.036,0.083,0.054,0.079,0.054,0.093,0.079,0.046,0.033,0.044,0.038,0.037,0.112,0.106,0.091,0.043,0.054,0.038,0.037,0.152,0.046,0.041,0.039,0.041,0.073,0.04,0.11,0.033,0.044,0.046,0.032,0.049,0.034,0.092,0.049,0.038,0.043,0.036,0.036,0.037,0.09,0.034,0.031,0.035,0.035,0.049,0.044,0.015,0.044,0.029,0.042,0.035,0.031,0.032,0.036,0.039,0.026,0.036,0.03,0.037,0.04,0.032,0.034,0.029,0.031,0.037,0.035,0.036,0.086,0.042,0.043,0.042,0.038,0.035,0.036,0.033,0.035,0.039,0.044,0.035,0.041,0.07,0.062,0.029,0.045,0.041,0.032,0.034,0.037,0.022,0.04,0.028,0.033,0.034,0.03,0.029,0.032,0.037,0.035,0.043,0.033,0.033,0.036,0.035,0.037,0.035,0.047,0.044,0.06,0.045,0.05,0.046,0.034,0.036,0.033,0.048,0.035,0.035,0.042,0.033,0.033,0.041,0.033,0.031,0.041,0.032,0.032,0.034,0.043,0.046,0.034,0.018,0.107,0.032044,0.048,0.034,0.035,0.04,0.043,0.088,0.032,0.039,0.034,0.045,0.041,0.042,0.035,0.034,0.033,0.04,0.039,0.061,0.035,0.045,0.043,0.04,0.047,0.037,0.051,0.037,0.046,0.039,0.055,0.044,0.043,0.031,0.017,0.048,0.051,0.04,0.035,0.031,0.036,0.044,0.05,0.013,0.038,0.04,0.042,0.054,0.035,0.047,0.031,0.032,0.044,0.04,0.052,0.053,0.045,0.045,0.049,0.048,0.039,0.039,0.044,0.031,0.045,0.038,0.047,0.043,0.051,0.032,0.032,0.044,0.031,0.041,0.051,0.033,0.016,0.034,0.036,0.049,0.032,0.031,0.041,0.033,0.031,0.046,0.038,0.032,0.033,0.042,0.045,0.044,0.031,0.031,0.032,0.031,0.037,0.034,0.046,0.032,0.032,0.033,0.032,0.044,0.033,0.031,0.031,0.033,0.033,0.034,0.035,0.045,0.032,0.033,0.047,0.033,0.033,0.033,0.046,0.015,0.042,0.045,0.033,0.042,0.039,0.039,0.031,0.04,0.032,0.043,0.033,0.04,0.092,0.034,0.049,0.056531,0.073,0.035,0.044,0.091,0.052,0.035,0.035,0.053,0.036,0.047,0.056,0.035,0.035,0.035,0.039,0.04,0.038,0.029,0.036,0.031,0.519,0.036,0.038,0.043,0.038,0.034,0.037,0.038,0.514,0.472,0.503,0.069,0.074,0.514,0.038,0.036,0.044,0.224,0.162,0.047,0.051,0.047,0.525,0.048,0.062,0.031,0.047,0.051,0.039,0.482,0.052,0.041,0.039,0.077,0.048,0.038,0.048,0.055,0.032,0.038,0.095
0.055,0.037,0.036,0.042,0.035,0.044,0.069,0.103,0.094,0.046,0.035,0.034,0.047,0.066,0.061,0.046,0.033,0.032,0.041,0.036,0.106,0.033,0.039,0.038,0.037,0.035,0.04,0.108,0.068,0.033,0.041,0.046,0.04,0.037,0.088,0.104,0.036,0.062,0.048,0.046,0.041,0.108,0.048,0.033,0.035,0.035,0.036,0.035,0.108,0.091,0.102,0.037,0.037,0.042,0.043,0.162,0.047,0.034,0.045,0.034,0.05,0.034,0.085,0.046,0.035,0.039,0.043,0.031,0.041,0.084,0.046,0.038,0.043,0.047,0.035,0.032,0.09,0.029,0.04,0.031,0.034,0.037,0.033,0.259,0.04,0.043,0.032,0.043,0.031,0.03,0.032,0.047,0.034,0.031,0.032,0.033,0.031,0.03,0.042,0.029,0.042,0.047,0.033,0.03,0.067,0.033,0.032,0.033,0.03,0.045,0.029,0.044,0.033,0.04,0.036,0.032,0.031,0.093,0.1,0.03,0.032,0.035,0.044,0.035,0.046,0.015,0.042,0.029,0.033,0.04,0.037,0.045,0.044,0.039,0.042,0.033,0.042,0.033,0.046,0.049,0.045,0.045,0.034,0.032,0.039,0.034,0.037,0.033,0.047,0.041,0.032,0.032,0.036,0.035,0.035,0.031,0.033,0.038,0.037,0.046,0.035,0.032,0.032,0.03,0.038,0.037,0.041,0.031,0.07,0.037066,0.032,0.041,0.049,0.045,0.037,0.092,0.039,0.04,0.038,0.049,0.035,0.039,0.029,0.039,0.043,0.03,0.04,0.042,0.048,0.033,0.035,0.033,0.042,0.044,0.033,0.037,0.038,0.038,0.04,0.062,0.057,0.045,0.016,0.031,0.045,0.045,0.032,0.047,0.035,0.038,0.04,0.014,0.05,0.052,0.037,0.036,0.048,0.034,0.042,0.046,0.037,0.033,0.038,0.043,0.047,0.036,0.048,0.039,0.05,0.039,0.032,0.037,0.032,0.083,0.038,0.038,0.047,0.049,0.036,0.034,0.045,0.039,0.033,0.032,0.022,0.049,0.049,0.032,0.049,0.031,0.043,0.048,0.034,0.031,0.039,0.041,0.046,0.031,0.036,0.031,0.035,0.046,0.032,0.031,0.031,0.033,0.031,0.031,0.031,0.032,0.035,0.038,0.035,0.031,0.031,0.033,0.033,0.033,0.044,0.036,0.033,0.031,0.031,0.032,0.034,0.047,0.041,0.015,0.035,0.035,0.046,0.032,0.032,0.042,0.046,0.038,0.039,0.036,0.033,0.032,0.098,0.04,0.032,0.048314,0.058,0.04,0.035,0.087,0.035,0.035,0.035,0.038,0.036,0.041,0.038,0.035,0.033,0.034,0.038,0.036,0.04,0.023,0.048,0.03,0.428,0.033,0.051,0.035,0.037,0.043,0.035,0.051,0.092,0.033,0.103,0.505,0.404,0.52,0.048,0.045,0.047,0.039,0.053,0.046,0.045,0.046,0.137,0.048,0.055,0.042,0.059,0.044,0.038,0.046,0.039,0.035,0.046,0.078,0.044,0.053,0.037,0.042,0.032,0.037,0.065
0.033,0.037,0.036,0.038,0.035,0.047,0.033,0.051,0.047,0.033,0.044,0.032,0.047,0.052,0.048,0.032,0.042,0.032,0.039,0.049,0.081,0.032,0.047,0.036,0.038,0.039,0.035,0.09,0.044,0.038,0.037,0.043,0.039,0.048,0.093,0.1,0.051,0.041,0.047,0.041,0.041,0.095,0.039,0.033,0.046,0.033,0.036,0.041,0.106,0.094,0.091,0.037,0.036,0.047,0.036,0.111,0.03,0.032,0.032,0.033,0.034,0.044,0.072,0.031,0.033,0.038,0.037,0.031,0.04,0.093,0.051,0.042,0.035,0.035,0.033,0.032,0.083,0.041,0.027,0.035,0.04,0.034,0.032,0.358,0.029,0.032,0.026,0.03,0.03,0.034,0.031,0.033,0.037,0.03,0.042,0.033,0.031,0.046,0.04,0.044,0.029,0.032,0.03,0.03,0.042,0.031,0.03,0.031,0.029,0.04,0.03,0.029,0.046,0.029,0.031,0.03,0.031,0.085,0.06,0.029,0.029,0.029,0.034,0.045,0.032,0.039,0.041,0.038,0.042,0.041,0.039,0.03,0.031,0.029,0.03,0.03,0.036,0.046,0.032,0.033,0.041,0.032,0.032,0.032,0.035,0.032,0.035,0.032,0.032,0.04,0.044,0.032,0.044,0.044,0.031,0.045,0.044,0.031,0.041,0.033,0.04,0.045,0.045,0.044,0.033,0.033,0.04,0.017,0.044,0.036827,0.03,0.038,0.032,0.048,0.052,0.063,0.041,0.03,0.041,0.037,0.033,0.032,0.041,0.04,0.03,0.043,0.029,0.037,0.031,0.031,0.031,0.048,0.051,0.035,0.037,0.052,0.032,0.054,0.042,0.044,0.039,0.031,0.067,0.033,0.039,0.033,0.045,0.031,0.05,0.032,0.052,0.028,0.036,0.036,0.051,0.038,0.032,0.031,0.035,0.033,0.031,0.045,0.041,0.038,0.038,0.043,0.039,0.045,0.043,0.054,0.031,0.041,0.031,0.046,0.032,0.05,0.038,0.031,0.042,0.031,0.035,0.031,0.033,0.048,0.026,0.034,0.031,0.032,0.033,0.048,0.032,0.031,0.048,0.031,0.031,0.038,0.031,0.031,0.034,0.031,0.044,0.032,0.041,0.041,0.032,0.044,0.031,0.045,0.042,0.032,0.046,0.032,0.045,0.04,0.047,0.032,0.042,0.043,0.032,0.032,0.045,0.04,0.032,0.041,0.037,0.033,0.033,0.021,0.041,0.031,0.032,0.031,0.031,0.032,0.031,0.031,0.039,0.031,0.044,0.032,0.099,0.029,0.032,0.040405,0.032,0.04,0.032,0.04,0.033,0.043,0.034,0.035,0.046,0.034,0.051,0.042,0.038,0.033,0.038,0.035,0.044,0.017,0.032,0.048,0.045,0.034,0.04,0.034,0.037,0.044,0.034,0.037,0.043,0.032,0.034,0.507,0.516,0.492,0.034,0.044,0.035,0.038,0.044,0.052,0.043,0.047,0.045,0.046,0.047,0.037,0.049,0.055,0.037,0.037,0.039,0.034,0.044,0.075,0.046,0.038,0.036,0.036,0.033,0.046,0.031
0.033,0.052,0.04,0.037,0.053,0.038,0.033,0.033,0.034,0.036,0.044,0.037,0.038,0.034,0.033,0.033,0.045,0.041,0.038,0.038,0.05,0.035,0.041,0.034,0.045,0.042,0.034,0.089,0.038,0.047,0.036,0.037,0.054,0.035,0.099,0.094,0.035,0.038,0.039,0.044,0.048,0.092,0.034,0.037,0.035,0.033,0.044,0.043,0.049,0.106,0.089,0.037,0.035,0.035,0.036,0.163,0.031,0.035,0.033,0.035,0.034,0.035,0.049,0.03,0.034,0.03,0.031,0.031,0.031,0.084,0.031,0.031,0.03,0.031,0.043,0.035,0.093,0.032,0.026,0.042,0.038,0.033,0.03,0.105,0.029,0.029,0.027,0.028,0.038,0.035,0.03,0.031,0.025,0.03,0.029,0.03,0.023,0.032,0.031,0.032,0.03,0.032,0.041,0.039,0.049,0.019,0.03,0.03,0.03,0.032,0.041,0.028,0.035,0.029,0.029,0.03,0.029,0.074,0.078,0.035,0.028,0.03,0.029,0.029,0.03,0.054,0.032,0.034,0.035,0.03,0.029,0.028,0.029,0.03,0.029,0.029,0.029,0.032,0.032,0.032,0.033,0.032,0.036,0.04,0.034,0.047,0.041,0.041,0.03,0.032,0.034,0.036,0.031,0.035,0.039,0.032,0.031,0.035,0.031,0.031,0.042,0.032,0.031,0.032,0.039,0.046,0.031,0.017,0.034,0.029892,0.046,0.03,0.031,0.019,0.034,0.038,0.031,0.036,0.031,0.046,0.042,0.041,0.035,0.03,0.031,0.029,0.036,0.047,0.033,0.045,0.043,0.031,0.038,0.031,0.041,0.035,0.042,0.037,0.051,0.048,0.04,0.038,0.041,0.045,0.051,0.039,0.034,0.035,0.033,0.043,0.04,0.012,0.041,0.042,0.039,0.051,0.036,0.044,0.031,0.031,0.042,0.036,0.054,0.055,0.05,0.045,0.044,0.048,0.037,0.033,0.048,0.031,0.042,0.037,0.043,0.045,0.048,0.031,0.031,0.042,0.031,0.04,0.046,0.031,0.015,0.031,0.031,0.048,0.035,0.036,0.037,0.031,0.033,0.044,0.037,0.032,0.031,0.047,0.036,0.045,0.032,0.032,0.038,0.036,0.047,0.035,0.035,0.033,0.037,0.047,0.031,0.031,0.031,0.039,0.031,0.047,0.037,0.036,0.031,0.034,0.031,0.037,0.034,0.039,0.043,0.031,0.04,0.025,0.041,0.032,0.031,0.042,0.045,0.034,0.031,0.031,0.032,0.042,0.034,0.046,0.091,0.034,0.043,0.037644,0.031,0.031,0.032,0.035,0.041,0.038,0.046,0.036,0.04,0.033,0.038,0.038,0.042,0.048,0.052,0.049,0.033,0.017,0.031,0.032,0.033,0.043,0.034,0.04,0.048,0.032,0.045,0.034,0.033,0.038,0.033,0.424,0.235,0.036,0.033,0.033,0.034,0.042,0.043,0.053,0.055,0.059,0.055,0.057,0.046,0.028,0.044,0.047,0.05,0.036,0.037,0.041,0.036,0.083,0.033,0.036,0.035,0.036,0.045,0.039,0.043
0.033,0.033,0.047,0.042,0.036,0.037,0.046,0.033,0.043,0.041,0.037,0.042,0.036,0.034,0.033,0.032,0.037,0.049,0.042,0.033,0.041,0.045,0.034,0.045,0.043,0.032,0.033,0.096,0.053,0.038,0.047,0.037,0.04,0.035,0.089,0.074,0.035,0.038,0.039,0.05,0.045,0.087,0.037,0.043,0.034,0.047,0.039,0.033,0.037,0.057,0.092,0.046,0.033,0.034,0.036,0.115,0.03,0.044,0.032,0.042,0.033,0.031,0.042,0.034,0.046,0.028,0.031,0.039,0.03,0.044,0.03,0.029,0.029,0.029,0.034,0.045,0.085,0.029,0.028,0.032,0.03,0.037,0.041,0.142,0.035,0.029,0.021,0.013,0.017,0.013,0.041,0.029,0.013,0.026,0.029,0.026,0.048,0.03,0.03,0.021,0.034,0.021,0.033,0.022,0.033,0.027,0.044,0.044,0.045,0.03,0.037,0.029,0.03,0.034,0.029,0.046,0.029,0.082,0.089,0.041,0.038,0.031,0.029,0.029,0.034,0.033,0.031,0.028,0.029,0.035,0.017,0.037,0.033,0.033,0.04,0.038,0.033,0.029,0.043,0.036,0.033,0.047,0.04,0.039,0.048,0.031,0.039,0.036,0.042,0.025,0.031,0.041,0.019,0.034,0.039,0.031,0.031,0.042,0.03,0.035,0.031,0.031,0.032,0.031,0.037,0.031,0.041,0.031,0.043,0.036349,0.027,0.039,0.045,0.022,0.037,0.04,0.023,0.032,0.038,0.044,0.021,0.035,0.017,0.039,0.042,0.034,0.038,0.035,0.045,0.032,0.035,0.033,0.045,0.046,0.03,0.033,0.035,0.04,0.038,0.055,0.053,0.04,0.037,0.031,0.04,0.04,0.031,0.043,0.034,0.036,0.039,0.013,0.047,0.047,0.035,0.036,0.041,0.033,0.042,0.046,0.036,0.031,0.038,0.037,0.042,0.035,0.05,0.038,0.047,0.031,0.031,0.037,0.035,0.049,0.037,0.037,0.041,0.046,0.033,0.036,0.048,0.039,0.033,0.031,0.021,0.05,0.047,0.032,0.044,0.03,0.042,0.044,0.031,0.033,0.042,0.035,0.043,0.031,0.046,0.03,0.031,0.031,0.031,0.031,0.031,0.031,0.042,0.031,0.032,0.032,0.03,0.032,0.032,0.031,0.031,0.034,0.032,0.031,0.04,0.045,0.031,0.031,0.045,0.032,0.032,0.032,0.039,0.014,0.036,0.044,0.037,0.037,0.033,0.046,0.027,0.037,0.031,0.035,0.031,0.031,0.092,0.037,0.03,0.039401,0.045,0.03,0.046,0.04,0.041,0.031,0.036,0.049,0.033,0.036,0.035,0.032,0.031,0.032,0.033,0.034,0.033,0.018,0.04,0.032,0.032,0.042,0.032,0.042,0.033,0.031,0.034,0.032,0.031,0.041,0.035,0.039,0.033,0.035,0.032,0.032,0.034,0.05,0.058,0.043,0.047,0.044,0.049,0.052,0.045,0.029,0.042,0.042,0.035,0.035,0.047,0.043,0.034,0.048,0.034,0.034,0.047,0.034,0.032,0.033,0.036
0.048,0.033,0.033,0.044,0.032,0.036,0.045,0.042,0.045,0.052,0.037,0.05,0.036,0.039,0.045,0.041,0.036,0.037,0.045,0.032,0.036,0.033,0.033,0.036,0.033,0.032,0.034,0.052,0.037,0.039,0.018,0.036,0.038,0.035,0.091,0.044,0.036,0.052,0.038,0.038,0.036,0.044,0.044,0.032,0.043,0.033,0.033,0.032,0.045,0.037,0.099,0.031,0.044,0.033,0.041,0.07,0.035,0.032,0.044,0.03,0.03,0.031,0.032,0.039,0.031,0.029,0.03,0.036,0.03,0.046,0.034,0.035,0.039,0.04,0.03,0.03,0.046,0.028,0.042,0.031,0.029,0.039,0.033,0.106,0.039,0.021,0.028,0.022,0.013,0.014,0.038,0.044,0.013,0.024,0.029,0.03,0.036,0.025,0.035,0.013,0.039,0.027,0.028,0.013,0.032,0.013,0.021,0.031,0.03,0.039,0.03,0.042,0.029,0.041,0.033,0.016,0.018,0.054,0.064,0.025,0.036,0.028,0.042,0.019,0.04,0.03,0.043,0.029,0.027,0.039,0.027,0.037,0.039,0.013,0.014,0.015,0.035,0.039,0.018,0.042,0.048,0.031,0.017,0.017,0.028,0.031,0.031,0.031,0.015,0.028,0.032,0.024,0.029,0.037,0.031,0.046,0.045,0.032,0.029,0.026,0.033,0.046,0.032,0.042,0.031,0.034,0.035,0.017,0.044,0.029653,0.032,0.038,0.022,0.025,0.044,0.05,0.026,0.015,0.039,0.023,0.027,0.031,0.022,0.039,0.03,0.037,0.029,0.039,0.031,0.031,0.031,0.047,0.046,0.04,0.044,0.048,0.031,0.052,0.041,0.042,0.038,0.032,0.05,0.036,0.038,0.032,0.046,0.031,0.047,0.031,0.052,0.029,0.035,0.036,0.052,0.038,0.03,0.031,0.034,0.031,0.032,0.043,0.037,0.04,0.037,0.04,0.038,0.045,0.045,0.045,0.031,0.041,0.031,0.032,0.032,0.048,0.035,0.032,0.044,0.032,0.031,0.031,0.031,0.046,0.027,0.032,0.036,0.031,0.033,0.04,0.031,0.034,0.04,0.031,0.031,0.043,0.035,0.031,0.031,0.031,0.033,0.046,0.031,0.031,0.031,0.036,0.031,0.032,0.031,0.031,0.031,0.045,0.039,0.031,0.033,0.031,0.031,0.033,0.016,0.032,0.039,0.031,0.031,0.032,0.032,0.043,0.041,0.015,0.041,0.034,0.041,0.031,0.032,0.031,0.023,0.015,0.046,0.031,0.025,0.031,0.107,0.028,0.03,0.034633,0.029,0.043,0.031,0.045,0.032,0.031,0.033,0.032,0.032,0.049,0.034,0.031,0.031,0.032,0.033,0.031,0.036,0.024,0.038,0.032,0.032,0.033,0.034,0.033,0.032,0.034,0.032,0.049,0.041,0.031,0.047,0.031,0.032,0.045,0.033,0.032,0.036,0.033,0.044,0.042,0.043,0.044,0.044,0.043,0.044,0.029,0.05,0.043,0.033,0.049,0.037,0.034,0.036,0.039,0.036,0.044,0.037,0.049,0.031,0.033,0.032
0.038,0.031,0.032,0.032,0.032,0.034,0.039,0.048,0.037,0.038,0.041,0.037,0.05,0.044,0.042,0.042,0.043,0.037,0.033,0.025,0.035,0.032,0.043,0.032,0.034,0.032,0.048,0.037,0.035,0.04,0.017,0.042,0.021,0.048,0.088,0.044,0.043,0.035,0.049,0.037,0.022,0.034,0.044,0.031,0.04,0.025,0.031,0.031,0.035,0.044,0.088,0.017,0.021,0.034,0.046,0.097,0.041,0.03,0.032,0.029,0.038,0.03,0.031,0.03,0.032,0.041,0.044,0.029,0.035,0.039,0.04,0.035,0.032,0.033,0.03,0.03,0.034,0.043,0.023,0.031,0.027,0.03,0.029,0.037,0.028,0.024,0.012,0.021,0.013,0.013,0.029,0.03,0.023,0.012,0.035,0.016,0.029,0.02,0.031,0.013,0.028,0.02,0.029,0.013,0.03,0.014,0.013,0.016,0.029,0.029,0.03,0.026,0.042,0.028,0.018,0.013,0.012,0.062,0.075,0.013,0.028,0.013,0.018,0.029,0.029,0.031,0.03,0.027,0.022,0.027,0.016,0.028,0.029,0.013,0.013,0.014,0.014,0.03,0.016,0.031,0.033,0.016,0.016,0.016,0.015,0.04,0.03,0.037,0.015,0.017,0.028,0.015,0.017,0.039,0.033,0.03,0.031,0.031,0.016,0.016,0.043,0.031,0.015,0.033,0.038,0.042,0.016,0.016,0.032044,0.022,0.046,0.031,0.015,0.015,0.031,0.035,0.015,0.017,0.031,0.026,0.017,0.042,0.022,0.029,0.031,0.021,0.036,0.039,0.03,0.045,0.041,0.032,0.037,0.038,0.034,0.032,0.042,0.037,0.05,0.049,0.042,0.043,0.034,0.042,0.052,0.04,0.033,0.038,0.021,0.043,0.038,0.013,0.044,0.045,0.037,0.045,0.041,0.044,0.03,0.031,0.039,0.035,0.055,0.051,0.054,0.047,0.04,0.049,0.033,0.033,0.044,0.031,0.039,0.033,0.041,0.046,0.046,0.03,0.031,0.04,0.034,0.039,0.045,0.032,0.016,0.032,0.032,0.048,0.054,0.043,0.036,0.031,0.039,0.041,0.033,0.032,0.031,0.039,0.031,0.042,0.041,0.032,0.038,0.039,0.035,0.043,0.03,0.046,0.038,0.031,0.04,0.035,0.04,0.041,0.045,0.031,0.042,0.044,0.015,0.031,0.028,0.04,0.032,0.047,0.03,0.035,0.031,0.02,0.041,0.029,0.03,0.031,0.017,0.032,0.015,0.015,0.032,0.04,0.027,0.042,0.091,0.034,0.043,0.033629,0.029,0.029,0.032,0.033,0.031,0.038,0.031,0.033,0.031,0.032,0.039,0.045,0.031,0.031,0.031,0.031,0.043,0.028,0.031,0.046,0.045,0.032,0.048,0.033,0.032,0.044,0.032,0.034,0.035,0.03,0.032,0.031,0.034,0.041,0.047,0.032,0.047,0.034,0.043,0.045,0.042,0.042,0.043,0.043,0.044,0.028,0.051,0.044,0.034,0.035,0.033,0.032,0.047,0.038,0.049,0.039,0.033,0.033,0.033,0.043,0.032
0.035,0.031,0.032,0.019,0.031,0.032,0.037,0.034,0.035,0.037,0.049,0.035,0.029,0.043,0.038,0.028,0.04,0.037,0.033,0.031,0.043,0.038,0.036,0.033,0.033,0.032,0.032,0.035,0.034,0.049,0.016,0.018,0.031,0.019,0.045,0.035,0.045,0.035,0.034,0.041,0.031,0.04,0.035,0.026,0.033,0.016,0.032,0.025,0.034,0.04,0.087,0.017,0.015,0.046,0.033,0.052,0.029,0.026,0.03,0.028,0.042,0.046,0.032,0.029,0.024,0.028,0.017,0.023,0.026,0.034,0.028,0.027,0.026,0.02,0.019,0.024,0.031,0.03,0.013,0.046,0.029,0.023,0.017,0.033,0.029,0.013,0.013,0.014,0.013,0.016,0.029,0.021,0.02,0.013,0.016,0.013,0.027,0.023,0.013,0.028,0.029,0.015,0.025,0.021,0.045,0.013,0.014,0.012,0.029,0.013,0.028,0.012,0.035,0.02,0.012,0.013,0.013,0.078,0.034,0.013,0.028,0.013,0.013,0.014,0.029,0.044,0.028,0.014,0.02,0.015,0.013,0.029,0.028,0.026,0.021,0.013,0.013,0.013,0.022,0.024,0.032,0.028,0.028,0.028,0.018,0.024,0.028,0.039,0.027,0.016,0.015,0.026,0.015,0.031,0.028,0.023,0.031,0.046,0.015,0.015,0.031,0.031,0.015,0.02,0.038,0.018,0.028,0.032,0.031088,0.023,0.03,0.037,0.027,0.021,0.038,0.034,0.019,0.029,0.039,0.02,0.018,0.034,0.013,0.035,0.042,0.025,0.036,0.032,0.028,0.032,0.036,0.035,0.05,0.055,0.022,0.031,0.036,0.042,0.038,0.052,0.051,0.034,0.031,0.031,0.038,0.038,0.031,0.035,0.016,0.035,0.045,0.012,0.038,0.043,0.035,0.02,0.036,0.033,0.043,0.043,0.02,0.03,0.035,0.038,0.038,0.035,0.052,0.037,0.037,0.025,0.033,0.034,0.027,0.045,0.038,0.038,0.041,0.045,0.031,0.038,0.044,0.041,0.024,0.03,0.019,0.049,0.041,0.032,0.04,0.031,0.043,0.041,0.033,0.026,0.044,0.03,0.035,0.023,0.039,0.036,0.015,0.014,0.028,0.034,0.036,0.03,0.039,0.016,0.031,0.036,0.038,0.032,0.032,0.029,0.02,0.039,0.029,0.026,0.027,0.041,0.016,0.015,0.019,0.018,0.026,0.024,0.032,0.026,0.036,0.022,0.018,0.045,0.03,0.044,0.015,0.022,0.02,0.036,0.015,0.023,0.083,0.037,0.029,0.03639,0.042,0.021,0.037,0.032,0.035,0.04,0.039,0.031,0.045,0.032,0.042,0.016,0.046,0.042,0.036,0.034,0.031,0.017,0.032,0.034,0.034,0.031,0.034,0.032,0.044,0.031,0.043,0.032,0.032,0.039,0.032,0.041,0.043,0.034,0.034,0.046,0.033,0.034,0.043,0.052,0.048,0.042,0.043,0.044,0.057,0.029,0.041,0.058,0.032,0.031,0.034,0.032,0.033,0.041,0.031,0.033,0.032,0.033,0.046,0.035,0.042
0.033,0.042,0.038,0.016,0.032,0.019,0.04,0.034,0.034,0.036,0.035,0.032,0.017,0.021,0.039,0.017,0.032,0.044,0.022,0.02,0.039,0.042,0.024,0.037,0.04,0.046,0.02,0.034,0.048,0.034,0.03,0.016,0.021,0.018,0.041,0.036,0.035,0.034,0.021,0.045,0.024,0.043,0.035,0.03,0.034,0.024,0.047,0.024,0.033,0.033,0.097,0.015,0.016,0.031,0.032,0.093,0.025,0.022,0.013,0.022,0.03,0.016,0.046,0.037,0.023,0.022,0.014,0.013,0.013,0.041,0.026,0.014,0.023,0.013,0.027,0.019,0.037,0.016,0.013,0.026,0.014,0.013,0.012,0.032,0.021,0.012,0.013,0.013,0.027,0.027,0.029,0.012,0.012,0.013,0.013,0.013,0.03,0.012,0.013,0.014,0.029,0.015,0.018,0.019,0.029,0.028,0.017,0.016,0.029,0.012,0.037,0.013,0.028,0.013,0.013,0.014,0.013,0.051,0.069,0.021,0.033,0.013,0.013,0.013,0.032,0.028,0.036,0.013,0.013,0.026,0.016,0.035,0.04,0.016,0.02,0.029,0.025,0.018,0.025,0.028,0.034,0.019,0.02,0.02,0.028,0.016,0.015,0.016,0.017,0.016,0.016,0.019,0.021,0.032,0.015,0.029,0.043,0.031,0.022,0.027,0.031,0.046,0.03,0.025,0.028,0.021,0.017,0.016,0.026544,0.015,0.031,0.027,0.019,0.026,0.028,0.048,0.027,0.015,0.024,0.015,0.026,0.031,0.019,0.037,0.029,0.017,0.028,0.042,0.016,0.031,0.03,0.043,0.041,0.038,0.03,0.046,0.031,0.037,0.041,0.042,0.033,0.016,0.045,0.037,0.038,0.025,0.044,0.015,0.03,0.031,0.047,0.027,0.019,0.036,0.052,0.023,0.024,0.02,0.034,0.015,0.016,0.028,0.022,0.028,0.034,0.038,0.036,0.036,0.041,0.034,0.015,0.042,0.014,0.031,0.031,0.044,0.036,0.032,0.046,0.019,0.027,0.031,0.015,0.029,0.033,0.031,0.043,0.019,0.036,0.031,0.023,0.03,0.065,0.015,0.031,0.047,0.027,0.014,0.039,0.03,0.015,0.015,0.015,0.015,0.015,0.022,0.04,0.016,0.014,0.024,0.022,0.031,0.019,0.015,0.015,0.023,0.016,0.015,0.018,0.026,0.016,0.015,0.028,0.015,0.016,0.015,0.035,0.015,0.04,0.043,0.027,0.033,0.015,0.026,0.031,0.023,0.023,0.031,0.016,0.015,0.084,0.029,0.028,0.038648,0.03,0.024,0.041,0.043,0.043,0.026,0.04,0.047,0.034,0.031,0.032,0.015,0.033,0.037,0.042,0.044,0.032,0.025,0.045,0.031,0.031,0.043,0.032,0.047,0.035,0.031,0.035,0.032,0.032,0.039,0.031,0.039,0.044,0.032,0.031,0.034,0.032,0.033,0.056,0.04,0.051,0.053,0.042,0.043,0.046,0.028,0.042,0.043,0.043,0.032,0.037,0.048,0.032,0.051,0.032,0.033,0.031,0.032,0.031,0.032,0.043
0.033,0.04,0.043,0.018,0.019,0.015,0.047,0.033,0.048,0.027,0.033,0.028,0.016,0.021,0.046,0.017,0.032,0.04,0.024,0.016,0.032,0.032,0.017,0.041,0.024,0.036,0.015,0.044,0.033,0.031,0.017,0.016,0.018,0.018,0.048,0.041,0.034,0.033,0.017,0.036,0.019,0.034,0.035,0.016,0.046,0.024,0.033,0.016,0.042,0.032,0.044,0.022,0.016,0.031,0.019,0.098,0.013,0.021,0.018,0.021,0.029,0.013,0.03,0.037,0.02,0.013,0.013,0.025,0.013,0.036,0.017,0.022,0.024,0.02,0.012,0.024,0.041,0.012,0.023,0.013,0.013,0.026,0.029,0.033,0.023,0.013,0.02,0.013,0.016,0.013,0.028,0.02,0.013,0.013,0.013,0.012,0.042,0.013,0.013,0.013,0.023,0.02,0.013,0.013,0.028,0.015,0.025,0.028,0.021,0.018,0.04,0.02,0.029,0.029,0.013,0.029,0.027,0.077,0.069,0.024,0.041,0.023,0.024,0.013,0.04,0.03,0.017,0.014,0.013,0.013,0.026,0.014,0.017,0.013,0.013,0.014,0.016,0.024,0.016,0.019,0.026,0.016,0.015,0.015,0.015,0.015,0.015,0.019,0.015,0.03,0.023,0.015,0.024,0.043,0.015,0.015,0.032,0.031,0.023,0.02,0.032,0.019,0.015,0.02,0.021,0.023,0.015,0.017,0.018892,0.026,0.046,0.015,0.015,0.016,0.015,0.031,0.016,0.015,0.015,0.027,0.015,0.043,0.025,0.027,0.031,0.013,0.036,0.034,0.018,0.037,0.025,0.031,0.03,0.038,0.015,0.034,0.03,0.022,0.036,0.05,0.027,0.03,0.033,0.04,0.053,0.025,0.033,0.023,0.015,0.043,0.039,0.016,0.03,0.048,0.036,0.033,0.03,0.028,0.03,0.015,0.025,0.019,0.038,0.032,0.034,0.05,0.022,0.033,0.031,0.035,0.024,0.015,0.02,0.031,0.038,0.05,0.048,0.031,0.022,0.021,0.021,0.024,0.027,0.018,0.058,0.019,0.031,0.031,0.045,0.049,0.019,0.015,0.049,0.022,0.031,0.03,0.015,0.015,0.031,0.035,0.015,0.028,0.016,0.015,0.015,0.026,0.031,0.019,0.015,0.016,0.014,0.031,0.025,0.015,0.019,0.015,0.015,0.024,0.015,0.015,0.028,0.02,0.015,0.023,0.015,0.025,0.037,0.015,0.041,0.034,0.02,0.031,0.015,0.016,0.015,0.015,0.022,0.037,0.025,0.018,0.081,0.033,0.042,0.035637,0.029,0.017,0.031,0.035,0.031,0.015,0.032,0.031,0.031,0.038,0.033,0.019,0.031,0.031,0.031,0.032,0.033,0.058,0.035,0.031,0.031,0.036,0.031,0.032,0.033,0.031,0.032,0.047,0.047,0.031,0.049,0.031,0.033,0.034,0.031,0.031,0.032,0.04,0.046,0.041,0.041,0.047,0.05,0.042,0.042,0.027,0.042,0.042,0.04,0.031,0.045,0.034,0.033,0.034,0.031,0.035,0.047,0.034,0.031,0.031,0.047
0.047,0.02,0.017,0.031,0.016,0.016,0.018,0.042,0.036,0.028,0.018,0.026,0.016,0.019,0.031,0.025,0.034,0.033,0.024,0.016,0.02,0.032,0.024,0.017,0.016,0.033,0.016,0.041,0.032,0.018,0.017,0.018,0.017,0.027,0.044,0.051,0.034,0.019,0.029,0.019,0.018,0.034,0.033,0.016,0.034,0.016,0.026,0.018,0.041,0.045,0.032,0.027,0.018,0.016,0.015,0.039,0.018,0.014,0.025,0.013,0.031,0.014,0.015,0.029,0.014,0.014,0.014,0.017,0.013,0.03,0.024,0.019,0.018,0.021,0.013,0.012,0.031,0.027,0.019,0.013,0.014,0.016,0.014,0.043,0.012,0.022,0.022,0.024,0.012,0.013,0.044,0.023,0.013,0.025,0.017,0.014,0.034,0.013,0.025,0.013,0.013,0.027,0.013,0.013,0.019,0.013,0.013,0.013,0.013,0.025,0.03,0.024,0.04,0.013,0.024,0.014,0.016,0.061,0.05,0.013,0.013,0.019,0.019,0.025,0.018,0.034,0.013,0.027,0.019,0.013,0.014,0.013,0.013,0.019,0.014,0.013,0.013,0.013,0.015,0.015,0.015,0.023,0.017,0.016,0.014,0.031,0.027,0.027,0.024,0.015,0.022,0.015,0.015,0.018,0.031,0.015,0.031,0.037,0.015,0.015,0.015,0.015,0.015,0.015,0.024,0.016,0.029,0.032,0.021044,0.019,0.03,0.019,0.025,0.019,0.027,0.031,0.017,0.031,0.024,0.019,0.026,0.034,0.013,0.018,0.043,0.028,0.036,0.031,0.027,0.016,0.021,0.036,0.031,0.054,0.022,0.031,0.02,0.022,0.022,0.033,0.034,0.015,0.03,0.032,0.038,0.022,0.03,0.022,0.016,0.032,0.049,0.012,0.025,0.031,0.036,0.02,0.015,0.019,0.032,0.03,0.02,0.015,0.023,0.022,0.022,0.035,0.039,0.022,0.033,0.031,0.023,0.017,0.026,0.047,0.041,0.035,0.038,0.043,0.015,0.026,0.026,0.026,0.02,0.015,0.037,0.032,0.034,0.017,0.035,0.033,0.028,0.021,0.03,0.024,0.031,0.016,0.016,0.031,0.031,0.041,0.031,0.018,0.019,0.021,0.022,0.02,0.031,0.027,0.016,0.015,0.015,0.046,0.021,0.025,0.028,0.015,0.026,0.021,0.022,0.016,0.021,0.027,0.016,0.025,0.019,0.021,0.016,0.019,0.027,0.031,0.015,0.027,0.02,0.022,0.015,0.016,0.015,0.038,0.02,0.027,0.075,0.037,0.035386,0.015,0.037,0.013,0.031,0.032,0.031,0.017,0.029,0.031,0.031,0.043,0.032,0.027,0.032,0.03,0.031,0.03,0.045,0.039,0.028,0.042,0.036,0.031,0.031,0.031,0.032,0.046,0.031,0.031,0.032,0.032,0.033,0.033,0.032,0.046,0.031,0.032,0.031,0.045,0.042,0.04,0.04,0.042,0.054,0.057,0.042,0.027,0.052,0.041,0.032,0.047,0.032,0.031,0.04,0.033,0.046,0.047,0.032,0.046,0.031,0.043,0.035
0.032,0.015,0.016,0.017,0.016,0.015,0.017,0.039,0.032,0.026,0.026,0.016,0.033,0.025,0.031,0.023,0.024,0.019,0.016,0.015,0.016,0.039,0.025,0.017,0.015,0.028,0.017,0.028,0.032,0.031,0.017,0.03,0.024,0.023,0.037,0.034,0.044,0.018,0.022,0.023,0.029,0.049,0.019,0.015,0.016,0.015,0.016,0.017,0.032,0.035,0.033,0.015,0.035,0.016,0.031,0.095,0.026,0.014,0.014,0.013,0.026,0.014,0.014,0.03,0.013,0.029,0.029,0.013,0.015,0.033,0.013,0.012,0.013,0.014,0.014,0.013,0.03,0.015,0.013,0.023,0.02,0.013,0.013,0.028,0.013,0.021,0.013,0.019,0.013,0.013,0.033,0.013,0.023,0.019,0.025,0.029,0.029,0.021,0.017,0.012,0.013,0.015,0.02,0.018,0.025,0.013,0.013,0.013,0.013,0.013,0.028,0.012,0.034,0.013,0.019,0.013,0.012,0.049,0.075,0.013,0.013,0.013,0.013,0.016,0.012,0.039,0.017,0.013,0.023,0.027,0.013,0.018,0.013,0.023,0.028,0.013,0.018,0.013,0.032,0.018,0.016,0.024,0.031,0.031,0.022,0.015,0.018,0.015,0.02,0.015,0.015,0.03,0.015,0.015,0.016,0.029,0.033,0.019,0.015,0.017,0.015,0.03,0.03,0.023,0.015,0.023,0.015,0.016,0.018413,0.015,0.031,0.027,0.02,0.028,0.019,0.035,0.029,0.015,0.022,0.015,0.018,0.021,0.015,0.023,0.029,0.013,0.024,0.045,0.015,0.015,0.015,0.041,0.016,0.038,0.024,0.044,0.016,0.026,0.026,0.026,0.023,0.017,0.03,0.039,0.04,0.015,0.045,0.015,0.03,0.015,0.043,0.025,0.02,0.02,0.043,0.023,0.017,0.015,0.018,0.015,0.016,0.027,0.02,0.031,0.03,0.035,0.022,0.026,0.045,0.04,0.015,0.029,0.015,0.024,0.029,0.034,0.032,0.035,0.027,0.015,0.015,0.015,0.015,0.027,0.05,0.015,0.049,0.015,0.031,0.031,0.015,0.024,0.031,0.015,0.014,0.044,0.029,0.015,0.047,0.031,0.016,0.015,0.029,0.025,0.023,0.015,0.04,0.015,0.03,0.016,0.03,0.033,0.015,0.022,0.015,0.02,0.02,0.015,0.023,0.03,0.016,0.015,0.019,0.015,0.027,0.016,0.015,0.028,0.025,0.031,0.015,0.031,0.025,0.024,0.023,0.028,0.016,0.031,0.015,0.015,0.077,0.029,0.023339,0.026,0.034,0.016,0.025,0.032,0.031,0.029,0.015,0.023,0.025,0.029,0.046,0.015,0.038,0.032,0.028,0.029,0.017,0.051,0.017,0.023,0.029,0.031,0.048,0.03,0.036,0.026,0.041,0.026,0.031,0.029,0.024,0.039,0.032,0.031,0.025,0.024,0.039,0.031,0.042,0.054,0.041,0.038,0.036,0.047,0.036,0.027,0.05,0.041,0.024,0.034,0.03,0.031,0.039,0.033,0.037,0.03,0.032,0.031,0.034,0.035,0.049
0.032,0.016,0.017,0.017,0.015,0.018,0.016,0.03,0.017,0.017,0.025,0.015,0.019,0.027,0.037,0.016,0.018,0.016,0.017,0.026,0.031,0.044,0.017,0.018,0.016,0.017,0.032,0.016,0.035,0.016,0.028,0.016,0.027,0.017,0.037,0.035,0.029,0.019,0.018,0.029,0.023,0.033,0.018,0.03,0.016,0.016,0.02,0.024,0.034,0.032,0.032,0.016,0.017,0.028,0.018,0.067,0.013,0.013,0.013,0.013,0.017,0.029,0.021,0.037,0.013,0.013,0.014,0.014,0.027,0.033,0.013,0.014,0.013,0.013,0.019,0.013,0.029,0.013,0.014,0.019,0.022,0.014,0.012,0.028,0.016,0.013,0.013,0.012,0.013,0.013,0.028,0.013,0.019,0.013,0.013,0.016,0.021,0.022,0.013,0.028,0.015,0.015,0.021,0.023,0.016,0.02,0.013,0.012,0.013,0.012,0.029,0.014,0.029,0.013,0.012,0.012,0.013,0.084,0.042,0.012,0.012,0.013,0.013,0.013,0.017,0.028,0.024,0.013,0.013,0.014,0.022,0.024,0.028,0.013,0.012,0.028,0.024,0.029,0.016,0.028,0.027,0.016,0.015,0.015,0.024,0.015,0.015,0.015,0.015,0.02,0.015,0.015,0.03,0.029,0.015,0.015,0.02,0.016,0.03,0.029,0.027,0.015,0.015,0.021,0.018,0.022,0.015,0.017,0.017218,0.03,0.03,0.015,0.015,0.016,0.016,0.016,0.015,0.016,0.015,0.027,0.016,0.027,0.028,0.012,0.016,0.017,0.02,0.031,0.019,0.029,0.024,0.03,0.017,0.032,0.016,0.035,0.024,0.015,0.034,0.037,0.029,0.027,0.018,0.027,0.052,0.026,0.033,0.026,0.015,0.027,0.039,0.017,0.031,0.034,0.02,0.034,0.028,0.028,0.015,0.015,0.024,0.019,0.029,0.03,0.03,0.053,0.022,0.035,0.03,0.038,0.019,0.015,0.015,0.015,0.019,0.039,0.044,0.029,0.019,0.018,0.022,0.019,0.025,0.02,0.033,0.018,0.031,0.029,0.047,0.04,0.016,0.015,0.043,0.017,0.015,0.036,0.016,0.015,0.032,0.03,0.015,0.015,0.015,0.015,0.015,0.017,0.038,0.015,0.015,0.029,0.017,0.031,0.015,0.015,0.015,0.028,0.015,0.015,0.015,0.016,0.015,0.015,0.027,0.016,0.015,0.015,0.016,0.015,0.026,0.042,0.03,0.015,0.015,0.016,0.023,0.016,0.03,0.034,0.016,0.016,0.089,0.032,0.023339,0.013,0.028,0.023,0.021,0.047,0.045,0.015,0.031,0.03,0.031,0.015,0.028,0.015,0.027,0.027,0.024,0.022,0.016,0.036,0.032,0.015,0.015,0.031,0.034,0.039,0.028,0.015,0.037,0.015,0.018,0.026,0.017,0.043,0.033,0.031,0.028,0.015,0.044,0.031,0.046,0.025,0.054,0.026,0.026,0.042,0.026,0.026,0.027,0.053,0.016,0.032,0.016,0.038,0.032,0.041,0.031,0.016,0.03,0.017,0.018,0.024,0.062
0.03,0.016,0.023,0.017,0.025,0.031,0.027,0.03,0.018,0.016,0.017,0.016,0.016,0.017,0.039,0.016,0.017,0.032,0.016,0.022,0.015,0.033,0.016,0.027,0.02,0.017,0.018,0.016,0.022,0.016,0.024,0.016,0.018,0.018,0.043,0.034,0.018,0.028,0.017,0.018,0.018,0.032,0.018,0.018,0.031,0.026,0.029,0.027,0.033,0.032,0.046,0.015,0.016,0.02,0.016,0.063,0.013,0.023,0.012,0.023,0.027,0.014,0.023,0.036,0.027,0.012,0.014,0.013,0.013,0.013,0.017,0.022,0.021,0.017,0.024,0.018,0.033,0.013,0.017,0.013,0.014,0.016,0.017,0.018,0.026,0.012,0.013,0.013,0.027,0.026,0.029,0.013,0.014,0.013,0.013,0.013,0.013,0.013,0.014,0.015,0.026,0.015,0.013,0.012,0.013,0.023,0.019,0.019,0.027,0.013,0.033,0.012,0.014,0.024,0.013,0.013,0.013,0.047,0.092,0.019,0.026,0.012,0.021,0.013,0.025,0.028,0.013,0.016,0.013,0.013,0.021,0.013,0.013,0.013,0.013,0.015,0.013,0.013,0.016,0.016,0.02,0.017,0.016,0.016,0.015,0.022,0.02,0.03,0.02,0.026,0.028,0.015,0.015,0.016,0.026,0.015,0.015,0.019,0.016,0.015,0.018,0.016,0.015,0.015,0.027,0.016,0.03,0.032,0.022,0.015,0.015,0.016,0.023,0.019,0.03,0.015,0.015,0.027,0.023,0.019,0.029,0.018,0.013,0.018,0.029,0.024,0.02,0.031,0.026,0.017,0.021,0.037,0.029,0.033,0.026,0.031,0.022,0.021,0.022,0.032,0.033,0.015,0.015,0.016,0.037,0.021,0.019,0.02,0.016,0.019,0.052,0.013,0.024,0.014,0.02,0.02,0.015,0.019,0.027,0.03,0.021,0.015,0.018,0.022,0.022,0.036,0.038,0.022,0.031,0.031,0.028,0.015,0.031,0.031,0.028,0.015,0.035,0.026,0.015,0.029,0.024,0.028,0.022,0.015,0.031,0.031,0.031,0.019,0.032,0.042,0.031,0.018,0.037,0.029,0.028,0.031,0.015,0.024,0.031,0.045,0.015,0.026,0.015,0.015,0.015,0.03,0.031,0.021,0.015,0.018,0.015,0.031,0.026,0.016,0.019,0.015,0.016,0.031,0.016,0.015,0.032,0.024,0.015,0.029,0.015,0.021,0.03,0.015,0.019,0.036,0.015,0.015,0.015,0.015,0.015,0.016,0.015,0.043,0.03,0.027,0.042,0.038,0.023841,0.013,0.026,0.013,0.016,0.033,0.033,0.016,0.015,0.017,0.016,0.016,0.016,0.023,0.016,0.015,0.024,0.026,0.015,0.035,0.016,0.017,0.015,0.044,0.025,0.04,0.017,0.015,0.032,0.03,0.03,0.016,0.028,0.032,0.028,0.032,0.015,0.03,0.032,0.032,0.056,0.025,0.045,0.026,0.026,0.042,0.027,0.028,0.027,0.046,0.016,0.031,0.024,0.041,0.032,0.045,0.015,0.016,0.015,0.016,0.016,0.016,0.039
